10000
9997 
9996 
9996 
9996 
9996 
9995 
9995 
9994 
9993 
9991 
9991 
9990 
9986 
9986 
9984 
9984 
9983 
9982 
9982 
9980 
9980 
9979 
9978 
9977 
9976 
9973 
9973 
9972 
9971 
9969 
9968 
9966 
9964 
9964 
9963 
9962 
9961 
9960 
9960 
9955 
9954 
9954 
9953 
9953 
9952 
9951 
9950 
9949 
9948 
9947 
9946 
9946 
9946 
9945 
9944 
9943 
9940 
9939 
9939 
9938 
9938 
9938 
9937 
9936 
9935 
9935 
9933 
9932 
9932 
9931 
9930 
9929 
9929 
9928 
9928 
9927 
9927 
9925 
9924 
9923 
9923 
9923 
9922 
9919 
9919 
9918 
9917 
9916 
9916 
9914 
9914 
9912 
9912 
9911 
9911 
9910 
9908 
9908 
9906 
9906 
9904 
9901 
9901 
9901 
9900 
9898 
9897 
9896 
9895 
9895 
9893 
9893 
9891 
9891 
9891 
9890 
9890 
9889 
9888 
9883 
9880 
9879 
9878 
9877 
9876 
9875 
9874 
9873 
9872 
9872 
9872 
9872 
9872 
9871 
9870 
9870 
9870 
9867 
9865 
9865 
9864 
9863 
9862 
9862 
9861 
9860 
9860 
9858 
9856 
9854 
9852 
9851 
9850 
9849 
9849 
9847 
9847 
9846 
9845 
9843 
9843 
9840 
9838 
9837 
9837 
9837 
9837 
9836 
9835 
9833 
9832 
9830 
9829 
9829 
9828 
9827 
9826 
9825 
9824 
9824 
9824 
9824 
9824 
9823 
9823 
9821 
9820 
9820 
9820 
9819 
9818 
9818 
9817 
9816 
9813 
9813 
9813 
9811 
9811 
9810 
9810 
9809 
9805 
9803 
9803 
9800 
9800 
9799 
9798 
9797 
9797 
9794 
9794 
9794 
9793 
9792 
9790 
9789 
9789 
9788 
9788 
9786 
9786 
9784 
9783 
9783 
9782 
9781 
9781 
9780 
9779 
9779 
9778 
9777 
9777 
9776 
9775 
9775 
9774 
9772 
9771 
9771 
9769 
9766 
9765 
9764 
9763 
9762 
9762 
9761 
9761 
9761 
9758 
9758 
9755 
9755 
9751 
9751 
9750 
9748 
9747 
9747 
9747 
9746 
9745 
9744 
9744 
9742 
9742 
9742 
9740 
9740 
9739 
9739 
9736 
9733 
9733 
9732 
9732 
9731 
9729 
9728 
9727 
9727 
9725 
9725 
9724 
9723 
9723 
9722 
9722 
9720 
9719 
9718 
9717 
9715 
9714 
9712 
9711 
9711 
9710 
9709 
9708 
9707 
9706 
9706 
9706 
9705 
9705 
9704 
9703 
9703 
9703 
9701 
9700 
9697 
9697 
9692 
9692 
9691 
9691 
9690 
9690 
9689 
9689 
9688 
9686 
9684 
9684 
9684 
9684 
9684 
9683 
9682 
9682 
9681 
9680 
9680 
9678 
9677 
9677 
9677 
9677 
9676 
9676 
9675 
9674 
9672 
9670 
9670 
9669 
9668 
9667 
9667 
9666 
9665 
9664 
9664 
9663 
9663 
9661 
9660 
9658 
9658 
9657 
9657 
9655 
9655 
9655 
9654 
9652 
9652 
9650 
9649 
9648 
9646 
9646 
9643 
9641 
9639 
9638 
9638 
9637 
9637 
9637 
9635 
9635 
9634 
9634 
9632 
9631 
9630 
9627 
9627 
9627 
9624 
9622 
9621 
9621 
9620 
9618 
9618 
9617 
9617 
9616 
9615 
9614 
9611 
9610 
9610 
9610 
9608 
9605 
9604 
9602 
9601 
9600 
9599 
9596 
9595 
9593 
9593 
9593 
9591 
9590 
9589 
9585 
9583 
9582 
9582 
9581 
9579 
9578 
9578 
9576 
9576 
9574 
9574 
9572 
9570 
9568 
9568 
9568 
9565 
9561 
9561 
9560 
9560 
9558 
9558 
9558 
9557 
9557 
9553 
9551 
9551 
9550 
9549 
9548 
9547 
9546 
9544 
9543 
9543 
9542 
9541 
9540 
9536 
9536 
9534 
9534 
9532 
9531 
9530 
9529 
9527 
9527 
9527 
9527 
9524 
9524 
9523 
9521 
9521 
9519 
9519 
9518 
9517 
9516 
9516 
9514 
9511 
9510 
9508 
9508 
9506 
9504 
9504 
9503 
9502 
9502 
9500 
9500 
9499 
9498 
9497 
9497 
9496 
9496 
9495 
9495 
9494 
9493 
9492 
9491 
9491 
9491 
9489 
9486 
9485 
9485 
9485 
9485 
9485 
9482 
9480 
9480 
9479 
9478 
9477 
9477 
9476 
9475 
9475 
9475 
9474 
9471 
9471 
9471 
9470 
9470 
9469 
9468 
9467 
9466 
9465 
9465 
9465 
9464 
9464 
9463 
9461 
9460 
9460 
9460 
9458 
9456 
9454 
9452 
9452 
9451 
9451 
9451 
9450 
9450 
9449 
9448 
9447 
9447 
9445 
9445 
9444 
9444 
9442 
9437 
9437 
9435 
9433 
9432 
9429 
9429 
9428 
9426 
9426 
9426 
9423 
9423 
9422 
9421 
9417 
9417 
9417 
9416 
9416 
9415 
9415 
9413 
9413 
9413 
9412 
9408 
9408 
9407 
9406 
9404 
9404 
9402 
9401 
9401 
9397 
9396 
9396 
9395 
9393 
9393 
9392 
9392 
9391 
9391 
9391 
9387 
9387 
9385 
9385 
9384 
9383 
9381 
9380 
9379 
9378 
9377 
9376 
9376 
9375 
9375 
9373 
9372 
9372 
9371 
9371 
9371 
9370 
9369 
9367 
9364 
9362 
9361 
9361 
9354 
9354 
9353 
9350 
9348 
9348 
9348 
9347 
9347 
9346 
9346 
9346 
9344 
9343 
9342 
9341 
9341 
9340 
9339 
9338 
9338 
9337 
9337 
9337 
9336 
9335 
9334 
9332 
9332 
9330 
9328 
9325 
9325 
9323 
9323 
9322 
9322 
9322 
9322 
9321 
9321 
9319 
9318 
9318 
9313 
9313 
9313 
9312 
9312 
9311 
9310 
9309 
9308 
9308 
9307 
9306 
9305 
9304 
9304 
9302 
9296 
9296 
9294 
9293 
9292 
9290 
9290 
9288 
9287 
9287 
9286 
9285 
9285 
9284 
9283 
9283 
9282 
9280 
9279 
9278 
9277 
9276 
9276 
9276 
9274 
9274 
9274 
9274 
9272 
9271 
9271 
9268 
9268 
9267 
9266 
9265 
9265 
9265 
9265 
9264 
9264 
9262 
9262 
9258 
9258 
9258 
9258 
9255 
9254 
9254 
9254 
9253 
9252 
9252 
9252 
9251 
9251 
9249 
9249 
9249 
9248 
9247 
9247 
9247 
9246 
9244 
9241 
9241 
9241 
9241 
9238 
9238 
9236 
9235 
9235 
9234 
9234 
9233 
9233 
9226 
9225 
9223 
9222 
9221 
9220 
9219 
9219 
9218 
9216 
9215 
9213 
9212 
9212 
9212 
9211 
9210 
9208 
9207 
9206 
9204 
9204 
9203 
9203 
9201 
9200 
9200 
9199 
9198 
9198 
9193 
9193 
9188 
9185 
9185 
9184 
9184 
9183 
9182 
9181 
9181 
9181 
9178 
9176 
9176 
9174 
9173 
9172 
9171 
9170 
9170 
9170 
9167 
9166 
9166 
9165 
9165 
9164 
9163 
9163 
9162 
9161 
9161 
9160 
9159 
9159 
9159 
9156 
9154 
9152 
9149 
9147 
9146 
9146 
9145 
9144 
9143 
9142 
9141 
9140 
9138 
9138 
9137 
9137 
9131 
9130 
9127 
9126 
9126 
9124 
9123 
9122 
9122 
9118 
9118 
9117 
9117 
9116 
9115 
9115 
9113 
9112 
9112 
9112 
9111 
9110 
9106 
9102 
9101 
9101 
9100 
9096 
9096 
9094 
9094 
9094 
9093 
9093 
9091 
9091 
9090 
9089 
9089 
9089 
9088 
9087 
9085 
9085 
9084 
9083 
9082 
9081 
9081 
9081 
9080 
9079 
9078 
9078 
9078 
9077 
9076 
9076 
9076 
9075 
9075 
9074 
9073 
9072 
9072 
9072 
9071 
9070 
9069 
9066 
9066 
9065 
9064 
9064 
9063 
9063 
9062 
9061 
9061 
9060 
9060 
9059 
9058 
9057 
9055 
9054 
9053 
9052 
9051 
9050 
9050 
9049 
9048 
9046 
9045 
9040 
9039 
9038 
9038 
9037 
9032 
9030 
9028 
9028 
9027 
9027 
9026 
9024 
9024 
9024 
9020 
9019 
9018 
9018 
9017 
9017 
9014 
9013 
9012 
9012 
9011 
9010 
9006 
9006 
9006 
9006 
9004 
9002 
8999 
8998 
8996 
8993 
8993 
8991 
8990 
8990 
8989 
8989 
8988 
8987 
8987 
8986 
8982 
8980 
8980 
8979 
8979 
8978 
8977 
8974 
8973 
8971 
8971 
8971 
8969 
8969 
8968 
8968 
8968 
8965 
8963 
8963 
8962 
8962 
8962 
8961 
8961 
8961 
8959 
8959 
8957 
8956 
8956 
8956 
8956 
8956 
8954 
8953 
8952 
8952 
8951 
8950 
8949 
8948 
8947 
8945 
8945 
8944 
8943 
8943 
8942 
8940 
8938 
8936 
8935 
8933 
8931 
8928 
8927 
8926 
8925 
8924 
8923 
8922 
8921 
8921 
8921 
8920 
8919 
8918 
8916 
8915 
8915 
8914 
8913 
8910 
8909 
8909 
8909 
8907 
8907 
8906 
8904 
8902 
8902 
8898 
8897 
8896 
8896 
8895 
8895 
8894 
8893 
8893 
8891 
8890 
8890 
8888 
8888 
8888 
8884 
8883 
8883 
8883 
8883 
8882 
8877 
8876 
8876 
8875 
8875 
8873 
8873 
8872 
8869 
8868 
8868 
8867 
8867 
8867 
8866 
8865 
8865 
8864 
8862 
8862 
8862 
8858 
8857 
8856 
8855 
8853 
8853 
8851 
8848 
8848 
8848 
8848 
8847 
8847 
8846 
8845 
8844 
8844 
8839 
8839 
8839 
8838 
8838 
8837 
8835 
8833 
8832 
8832 
8831 
8830 
8830 
8830 
8829 
8828 
8828 
8827 
8827 
8825 
8825 
8824 
8824 
8824 
8822 
8822 
8822 
8821 
8821 
8820 
8820 
8820 
8820 
8818 
8817 
8815 
8815 
8813 
8813 
8812 
8811 
8810 
8810 
8809 
8809 
8807 
8806 
8805 
8804 
8802 
8800 
8797 
8794 
8793 
8793 
8791 
8790 
8788 
8787 
8787 
8787 
8786 
8786 
8785 
8785 
8785 
8784 
8784 
8784 
8782 
8779 
8778 
8777 
8776 
8776 
8773 
8773 
8772 
8770 
8769 
8768 
8767 
8767 
8765 
8763 
8762 
8762 
8762 
8761 
8761 
8761 
8757 
8756 
8754 
8751 
8751 
8751 
8750 
8749 
8749 
8749 
8745 
8744 
8743 
8741 
8741 
8740 
8740 
8738 
8736 
8736 
8733 
8731 
8730 
8729 
8728 
8727 
8727 
8726 
8725 
8724 
8724 
8720 
8719 
8719 
8718 
8714 
8713 
8712 
8712 
8711 
8706 
8706 
8704 
8703 
8703 
8702 
8701 
8697 
8696 
8696 
8695 
8695 
8695 
8692 
8691 
8691 
8689 
8689 
8689 
8688 
8685 
8684 
8684 
8680 
8677 
8677 
8677 
8676 
8675 
8674 
8674 
8674 
8673 
8672 
8671 
8670 
8670 
8670 
8668 
8668 
8667 
8665 
8663 
8662 
8660 
8658 
8657 
8656 
8655 
8654 
8654 
8653 
8651 
8651 
8651 
8650 
8650 
8648 
8647 
8647 
8646 
8644 
8643 
8643 
8642 
8641 
8641 
8641 
8634 
8634 
8631 
8630 
8629 
8627 
8626 
8625 
8624 
8619 
8618 
8618 
8618 
8618 
8617 
8615 
8615 
8601 
8599 
8594 
8594 
8594 
8593 
8592 
8591 
8590 
8588 
8586 
8586 
8586 
8586 
8586 
8585 
8585 
8582 
8580 
8578 
8578 
8574 
8573 
8572 
8572 
8570 
8568 
8568 
8568 
8566 
8565 
8565 
8564 
8564 
8564 
8563 
8563 
8562 
8559 
8559 
8556 
8555 
8554 
8553 
8553 
8552 
8552 
8551 
8549 
8549 
8547 
8547 
8546 
8545 
8544 
8544 
8543 
8543 
8541 
8539 
8539 
8538 
8536 
8535 
8535 
8535 
8532 
8531 
8530 
8528 
8528 
8526 
8525 
8524 
8524 
8522 
8521 
8520 
8519 
8517 
8515 
8514 
8512 
8511 
8510 
8509 
8507 
8507 
8507 
8506 
8506 
8503 
8500 
8499 
8498 
8497 
8496 
8495 
8495 
8494 
8494 
8492 
8492 
8491 
8491 
8491 
8490 
8490 
8486 
8486 
8485 
8484 
8484 
8484 
8483 
8482 
8481 
8480 
8479 
8479 
8477 
8476 
8475 
8475 
8473 
8473 
8473 
8472 
8471 
8471 
8470 
8469 
8468 
8467 
8467 
8467 
8467 
8466 
8466 
8466 
8465 
8465 
8464 
8464 
8464 
8463 
8463 
8462 
8462 
8461 
8460 
8459 
8459 
8458 
8454 
8454 
8452 
8452 
8452 
8451 
8450 
8448 
8448 
8447 
8446 
8446 
8446 
8445 
8445 
8444 
8443 
8441 
8440 
8440 
8439 
8437 
8435 
8434 
8434 
8433 
8433 
8433 
8433 
8431 
8428 
8428 
8428 
8427 
8425 
8423 
8423 
8422 
8421 
8421 
8419 
8418 
8417 
8416 
8415 
8413 
8412 
8412 
8411 
8411 
8410 
8410 
8409 
8408 
8407 
8402 
8400 
8399 
8398 
8398 
8398 
8397 
8396 
8395 
8394 
8394 
8393 
8382 
8382 
8380 
8380 
8379 
8378 
8378 
8378 
8378 
8377 
8377 
8377 
8377 
8376 
8374 
8373 
8372 
8372 
8371 
8371 
8371 
8370 
8369 
8369 
8368 
8368 
8368 
8367 
8367 
8367 
8366 
8362 
8362 
8360 
8360 
8359 
8358 
8358 
8357 
8354 
8353 
8351 
8350 
8349 
8346 
8345 
8345 
8345 
8344 
8343 
8342 
8341 
8340 
8340 
8339 
8339 
8339 
8338 
8337 
8336 
8336 
8335 
8334 
8334 
8334 
8333 
8332 
8331 
8330 
8329 
8328 
8328 
8326 
8326 
8326 
8325 
8324 
8322 
8321 
8320 
8319 
8319 
8316 
8316 
8315 
8312 
8312 
8312 
8311 
8311 
8309 
8307 
8307 
8305 
8305 
8304 
8304 
8303 
8300 
8299 
8298 
8297 
8294 
8293 
8293 
8291 
8290 
8290 
8290 
8289 
8289 
8288 
8288 
8288 
8286 
8286 
8282 
8282 
8282 
8281 
8281 
8280 
8279 
8277 
8277 
8276 
8274 
8274 
8273 
8272 
8271 
8271 
8271 
8269 
8267 
8266 
8266 
8266 
8266 
8264 
8263 
8262 
8262 
8262 
8262 
8260 
8260 
8258 
8257 
8257 
8255 
8253 
8253 
8252 
8252 
8252 
8251 
8247 
8247 
8246 
8245 
8242 
8241 
8240 
8239 
8236 
8234 
8234 
8233 
8233 
8232 
8232 
8232 
8230 
8230 
8230 
8225 
8224 
8224 
8223 
8223 
8222 
8222 
8219 
8219 
8215 
8214 
8213 
8213 
8213 
8211 
8211 
8209 
8209 
8208 
8207 
8203 
8203 
8203 
8202 
8202 
8202 
8202 
8202 
8201 
8198 
8196 
8193 
8192 
8192 
8192 
8192 
8190 
8190 
8190 
8190 
8189 
8189 
8188 
8187 
8186 
8185 
8184 
8184 
8184 
8182 
8182 
8182 
8181 
8178 
8177 
8176 
8172 
8171 
8171 
8170 
8169 
8167 
8167 
8166 
8165 
8163 
8162 
8159 
8159 
8158 
8156 
8156 
8156 
8154 
8153 
8153 
8153 
8152 
8151 
8150 
8149 
8148 
8148 
8147 
8145 
8144 
8142 
8139 
8139 
8138 
8138 
8136 
8135 
8133 
8132 
8132 
8132 
8131 
8131 
8130 
8129 
8128 
8128 
8128 
8126 
8126 
8125 
8124 
8123 
8122 
8122 
8117 
8116 
8116 
8116 
8116 
8115 
8111 
8110 
8110 
8110 
8110 
8108 
8108 
8107 
8105 
8102 
8102 
8102 
8101 
8101 
8100 
8099 
8096 
8096 
8095 
8095 
8094 
8093 
8091 
8090 
8090 
8088 
8088 
8086 
8084 
8084 
8084 
8080 
8079 
8079 
8079 
8078 
8077 
8077 
8076 
8075 
8074 
8073 
8072 
8072 
8071 
8070 
8070 
8068 
8066 
8065 
8065 
8064 
8064 
8063 
8063 
8063 
8063 
8059 
8059 
8059 
8058 
8058 
8054 
8053 
8051 
8049 
8049 
8047 
8047 
8046 
8044 
8043 
8043 
8043 
8043 
8039 
8038 
8036 
8035 
8035 
8035 
8034 
8034 
8034 
8031 
8031 
8031 
8028 
8026 
8026 
8025 
8025 
8023 
8023 
8022 
8021 
8021 
8019 
8018 
8017 
8016 
8014 
8014 
8014 
8013 
8013 
8010 
8008 
8008 
8007 
8004 
8004 
8004 
8004 
8004 
8004 
7999 
7999 
7998 
7998 
7998 
7998 
7998 
7997 
7995 
7994 
7991 
7991 
7991 
7991 
7990 
7989 
7988 
7988 
7987 
7986 
7986 
7986 
7985 
7985 
7984 
7983 
7983 
7982 
7981 
7981 
7979 
7979 
7978 
7977 
7977 
7977 
7976 
7976 
7976 
7975 
7975 
7973 
7973 
7973 
7971 
7970 
7969 
7969 
7968 
7966 
7965 
7964 
7963 
7962 
7962 
7961 
7960 
7960 
7960 
7958 
7957 
7956 
7955 
7954 
7952 
7951 
7950 
7949 
7949 
7947 
7947 
7947 
7945 
7945 
7944 
7943 
7941 
7938 
7938 
7937 
7937 
7937 
7937 
7936 
7936 
7936 
7936 
7935 
7934 
7933 
7931 
7930 
7929 
7929 
7929 
7928 
7926 
7926 
7925 
7925 
7925 
7924 
7924 
7923 
7923 
7921 
7920 
7920 
7920 
7920 
7919 
7918 
7917 
7915 
7914 
7913 
7913 
7912 
7912 
7911 
7911 
7909 
7909 
7909 
7908 
7906 
7906 
7905 
7903 
7902 
7900 
7899 
7899 
7899 
7897 
7897 
7895 
7895 
7893 
7892 
7892 
7891 
7890 
7888 
7888 
7888 
7885 
7884 
7883 
7882 
7879 
7878 
7878 
7878 
7878 
7876 
7874 
7874 
7873 
7872 
7871 
7869 
7867 
7866 
7865 
7863 
7863 
7861 
7861 
7859 
7858 
7858 
7857 
7856 
7855 
7854 
7853 
7853 
7852 
7851 
7849 
7846 
7845 
7842 
7842 
7841 
7841 
7840 
7839 
7836 
7835 
7835 
7834 
7834 
7834 
7831 
7830 
7830 
7829 
7828 
7826 
7824 
7823 
7822 
7822 
7819 
7818 
7816 
7814 
7814 
7813 
7812 
7812 
7811 
7809 
7809 
7808 
7806 
7806 
7804 
7803 
7803 
7803 
7802 
7800 
7799 
7798 
7795 
7792 
7791 
7791 
7790 
7789 
7787 
7786 
7786 
7784 
7783 
7782 
7781 
7780 
7780 
7780 
7780 
7778 
7778 
7777 
7776 
7776 
7775 
7775 
7775 
7774 
7773 
7773 
7771 
7770 
7769 
7765 
7765 
7764 
7763 
7761 
7759 
7759 
7757 
7757 
7756 
7756 
7756 
7753 
7752 
7751 
7749 
7748 
7747 
7747 
7747 
7746 
7746 
7745 
7741 
7739 
7738 
7738 
7730 
7730 
7730 
7728 
7727 
7725 
7725 
7725 
7722 
7720 
7717 
7716 
7715 
7713 
7711 
7710 
7710 
7709 
7707 
7704 
7704 
7704 
7703 
7702 
7699 
7698 
7698 
7698 
7697 
7696 
7694 
7694 
7693 
7688 
7688 
7687 
7686 
7686 
7685 
7683 
7683 
7682 
7680 
7679 
7679 
7677 
7676 
7676 
7676 
7675 
7674 
7673 
7671 
7671 
7671 
7670 
7669 
7668 
7668 
7667 
7667 
7666 
7665 
7664 
7662 
7660 
7659 
7659 
7658 
7657 
7656 
7656 
7656 
7655 
7654 
7653 
7652 
7651 
7651 
7650 
7648 
7644 
7644 
7642 
7640 
7639 
7639 
7639 
7639 
7639 
7638 
7635 
7635 
7632 
7631 
7630 
7630 
7630 
7629 
7629 
7628 
7628 
7627 
7627 
7623 
7623 
7622 
7622 
7617 
7615 
7615 
7613 
7613 
7612 
7612 
7612 
7612 
7611 
7610 
7610 
7608 
7605 
7603 
7603 
7602 
7602 
7598 
7596 
7594 
7594 
7593 
7592 
7592 
7591 
7590 
7590 
7589 
7587 
7587 
7585 
7585 
7584 
7583 
7583 
7582 
7582 
7579 
7578 
7577 
7576 
7576 
7575 
7575 
7572 
7570 
7569 
7569 
7568 
7565 
7564 
7563 
7562 
7562 
7561 
7561 
7561 
7559 
7558 
7556 
7556 
7555 
7555 
7554 
7554 
7553 
7551 
7551 
7550 
7549 
7549 
7548 
7547 
7547 
7547 
7546 
7546 
7546 
7546 
7544 
7544 
7544 
7543 
7539 
7539 
7538 
7537 
7537 
7536 
7534 
7533 
7532 
7531 
7528 
7528 
7527 
7526 
7526 
7525 
7520 
7517 
7517 
7515 
7515 
7514 
7513 
7513 
7512 
7512 
7511 
7510 
7509 
7507 
7507 
7505 
7504 
7504 
7503 
7500 
7498 
7497 
7497 
7496 
7495 
7495 
7493 
7493 
7493 
7492 
7491 
7490 
7486 
7486 
7486 
7485 
7484 
7484 
7483 
7482 
7482 
7482 
7481 
7481 
7479 
7477 
7475 
7475 
7472 
7471 
7470 
7470 
7470 
7470 
7469 
7468 
7467 
7467 
7466 
7465 
7463 
7463 
7461 
7460 
7460 
7459 
7458 
7456 
7455 
7455 
7454 
7454 
7454 
7453 
7452 
7451 
7451 
7451 
7450 
7448 
7447 
7447 
7445 
7445 
7445 
7445 
7443 
7443 
7443 
7442 
7441 
7441 
7440 
7439 
7438 
7436 
7436 
7435 
7435 
7434 
7432 
7431 
7431 
7431 
7428 
7427 
7427 
7426 
7426 
7425 
7424 
7423 
7422 
7416 
7415 
7414 
7414 
7413 
7410 
7410 
7408 
7408 
7408 
7407 
7407 
7406 
7406 
7404 
7403 
7402 
7398 
7398 
7397 
7396 
7395 
7395 
7394 
7393 
7392 
7391 
7391 
7391 
7390 
7389 
7389 
7389 
7386 
7385 
7384 
7383 
7383 
7382 
7381 
7381 
7380 
7378 
7378 
7378 
7377 
7376 
7376 
7375 
7375 
7374 
7374 
7373 
7371 
7370 
7369 
7368 
7366 
7365 
7363 
7363 
7361 
7359 
7358 
7358 
7357 
7355 
7349 
7346 
7346 
7345 
7345 
7343 
7343 
7342 
7342 
7341 
7341 
7341 
7340 
7339 
7339 
7338 
7338 
7338 
7334 
7333 
7333 
7333 
7333 
7332 
7332 
7331 
7331 
7330 
7329 
7329 
7328 
7328 
7328 
7327 
7325 
7325 
7325 
7324 
7324 
7323 
7322 
7322 
7321 
7320 
7320 
7320 
7317 
7313 
7311 
7311 
7311 
7310 
7310 
7309 
7308 
7307 
7306 
7305 
7303 
7302 
7301 
7300 
7300 
7299 
7298 
7297 
7297 
7297 
7295 
7295 
7295 
7294 
7293 
7291 
7289 
7288 
7287 
7286 
7281 
7280 
7279 
7275 
7274 
7274 
7271 
7270 
7269 
7269 
7269 
7268 
7267 
7266 
7265 
7263 
7259 
7258 
7257 
7255 
7254 
7253 
7253 
7253 
7253 
7251 
7250 
7249 
7249 
7249 
7249 
7248 
7247 
7247 
7246 
7244 
7244 
7243 
7243 
7242 
7241 
7240 
7240 
7240 
7240 
7238 
7238 
7236 
7236 
7234 
7234 
7234 
7234 
7234 
7233 
7233 
7231 
7229 
7229 
7228 
7228 
7228 
7227 
7226 
7225 
7225 
7224 
7224 
7222 
7221 
7220 
7220 
7219 
7219 
7217 
7216 
7215 
7215 
7214 
7212 
7211 
7210 
7210 
7210 
7209 
7209 
7208 
7208 
7206 
7205 
7205 
7205 
7202 
7202 
7197 
7194 
7194 
7193 
7192 
7192 
7191 
7191 
7189 
7189 
7186 
7186 
7185 
7185 
7185 
7184 
7183 
7183 
7181 
7181 
7181 
7179 
7178 
7177 
7175 
7175 
7175 
7174 
7173 
7173 
7172 
7171 
7171 
7171 
7169 
7168 
7167 
7167 
7166 
7166 
7165 
7163 
7163 
7161 
7161 
7157 
7156 
7155 
7154 
7153 
7152 
7152 
7147 
7146 
7146 
7145 
7144 
7141 
7141 
7140 
7138 
7137 
7137 
7137 
7137 
7133 
7132 
7131 
7129 
7129 
7128 
7128 
7127 
7127 
7126 
7125 
7125 
7124 
7124 
7123 
7123 
7122 
7121 
7120 
7119 
7118 
7118 
7115 
7115 
7114 
7113 
7112 
7111 
7111 
7111 
7111 
7111 
7110 
7109 
7109 
7108 
7107 
7107 
7106 
7105 
7104 
7103 
7101 
7100 
7099 
7099 
7099 
7098 
7097 
7096 
7095 
7095 
7094 
7091 
7089 
7088 
7087 
7086 
7084 
7084 
7081 
7081 
7080 
7078 
7077 
7076 
7076 
7075 
7075 
7074 
7073 
7070 
7070 
7067 
7065 
7065 
7065 
7064 
7064 
7064 
7063 
7062 
7062 
7061 
7060 
7059 
7057 
7057 
7057 
7056 
7055 
7053 
7052 
7049 
7048 
7047 
7045 
7044 
7043 
7043 
7042 
7041 
7041 
7041 
7041 
7039 
7038 
7038 
7037 
7037 
7036 
7036 
7035 
7035 
7034 
7034 
7033 
7032 
7032 
7031 
7031 
7030 
7030 
7029 
7028 
7027 
7027 
7026 
7025 
7024 
7024 
7024 
7021 
7021 
7019 
7018 
7018 
7016 
7014 
7013 
7012 
7012 
7010 
7010 
7008 
7006 
7006 
7006 
7004 
7003 
7000 
7000 
6997 
6997 
6997 
6995 
6994 
6994 
6993 
6992 
6992 
6991 
6990 
6988 
6985 
6985 
6983 
6983 
6982 
6980 
6980 
6979 
6978 
6978 
6977 
6974 
6974 
6973 
6973 
6971 
6971 
6970 
6970 
6968 
6968 
6967 
6966 
6966 
6965 
6965 
6965 
6964 
6964 
6964 
6964 
6962 
6962 
6961 
6960 
6960 
6958 
6955 
6955 
6954 
6954 
6953 
6953 
6952 
6950 
6950 
6950 
6948 
6948 
6947 
6947 
6947 
6946 
6945 
6945 
6945 
6944 
6940 
6940 
6939 
6938 
6934 
6931 
6930 
6929 
6929 
6927 
6926 
6925 
6923 
6921 
6921 
6920 
6920 
6918 
6917 
6912 
6910 
6908 
6906 
6905 
6905 
6905 
6905 
6905 
6903 
6902 
6902 
6901 
6901 
6900 
6898 
6898 
6897 
6897 
6897 
6893 
6893 
6892 
6891 
6890 
6890 
6889 
6888 
6888 
6888 
6887 
6885 
6883 
6883 
6881 
6880 
6880 
6876 
6874 
6874 
6872 
6872 
6871 
6869 
6867 
6866 
6866 
6866 
6866 
6865 
6865 
6864 
6864 
6864 
6863 
6862 
6860 
6860 
6859 
6857 
6855 
6852 
6850 
6850 
6848 
6848 
6846 
6844 
6844 
6843 
6842 
6842 
6841 
6840 
6838 
6837 
6832 
6831 
6830 
6828 
6827 
6825 
6823 
6821 
6819 
6818 
6815 
6815 
6815 
6814 
6812 
6812 
6811 
6811 
6811 
6808 
6806 
6804 
6803 
6801 
6801 
6800 
6800 
6799 
6799 
6798 
6798 
6794 
6792 
6791 
6790 
6789 
6789 
6788 
6788 
6787 
6787 
6786 
6784 
6783 
6782 
6782 
6780 
6780 
6777 
6777 
6775 
6775 
6774 
6772 
6772 
6770 
6768 
6768 
6768 
6768 
6767 
6767 
6766 
6765 
6764 
6764 
6763 
6762 
6762 
6762 
6759 
6755 
6755 
6754 
6754 
6754 
6753 
6753 
6750 
6749 
6748 
6747 
6747 
6746 
6745 
6745 
6744 
6744 
6743 
6743 
6740 
6740 
6739 
6739 
6737 
6735 
6734 
6734 
6733 
6733 
6733 
6728 
6726 
6721 
6716 
6716 
6716 
6714 
6714 
6714 
6713 
6713 
6712 
6711 
6710 
6710 
6707 
6707 
6706 
6706 
6705 
6705 
6705 
6704 
6703 
6703 
6703 
6702 
6702 
6698 
6697 
6696 
6696 
6693 
6692 
6690 
6689 
6687 
6686 
6685 
6684 
6682 
6682 
6680 
6679 
6678 
6678 
6673 
6670 
6670 
6668 
6666 
6666 
6665 
6663 
6663 
6663 
6662 
6661 
6661 
6659 
6659 
6658 
6657 
6656 
6655 
6654 
6654 
6653 
6653 
6652 
6651 
6649 
6648 
6648 
6647 
6647 
6647 
6646 
6646 
6645 
6645 
6644 
6644 
6643 
6642 
6640 
6640 
6640 
6639 
6637 
6637 
6636 
6634 
6634 
6633 
6631 
6630 
6630 
6628 
6628 
6628 
6628 
6623 
6623 
6623 
6621 
6621 
6617 
6617 
6616 
6615 
6615 
6612 
6612 
6612 
6611 
6609 
6609 
6608 
6608 
6607 
6606 
6604 
6604 
6602 
6598 
6595 
6595 
6594 
6594 
6593 
6593 
6592 
6591 
6589 
6589 
6587 
6586 
6585 
6581 
6581 
6579 
6579 
6578 
6577 
6577 
6576 
6575 
6574 
6573 
6572 
6572 
6571 
6571 
6569 
6568 
6566 
6564 
6562 
6561 
6560 
6560 
6559 
6558 
6554 
6554 
6553 
6553 
6552 
6550 
6549 
6548 
6548 
6547 
6546 
6546 
6545 
6545 
6545 
6544 
6543 
6543 
6543 
6543 
6540 
6538 
6537 
6535 
6534 
6534 
6533 
6532 
6529 
6529 
6529 
6529 
6527 
6527 
6527 
6527 
6527 
6525 
6524 
6522 
6522 
6521 
6521 
6520 
6519 
6518 
6518 
6517 
6515 
6515 
6514 
6514 
6513 
6512 
6512 
6512 
6511 
6511 
6511 
6511 
6510 
6510 
6510 
6509 
6509 
6507 
6505 
6505 
6504 
6504 
6504 
6502 
6502 
6500 
6499 
6498 
6498 
6498 
6496 
6496 
6495 
6495 
6493 
6493 
6492 
6491 
6488 
6487 
6485 
6485 
6485 
6483 
6481 
6481 
6481 
6480 
6480 
6474 
6474 
6473 
6473 
6472 
6470 
6469 
6469 
6469 
6469 
6465 
6465 
6465 
6465 
6464 
6464 
6464 
6464 
6463 
6462 
6462 
6462 
6461 
6461 
6460 
6460 
6460 
6455 
6454 
6454 
6454 
6453 
6453 
6452 
6452 
6451 
6450 
6450 
6449 
6448 
6442 
6440 
6439 
6438 
6436 
6436 
6435 
6435 
6435 
6434 
6434 
6433 
6431 
6431 
6431 
6431 
6430 
6429 
6427 
6426 
6425 
6425 
6425 
6425 
6425 
6424 
6424 
6423 
6422 
6422 
6422 
6422 
6422 
6421 
6421 
6420 
6418 
6418 
6417 
6415 
6415 
6414 
6413 
6413 
6412 
6412 
6408 
6407 
6405 
6405 
6405 
6403 
6403 
6399 
6398 
6396 
6396 
6395 
6395 
6392 
6392 
6392 
6391 
6391 
6390 
6390 
6390 
6389 
6388 
6387 
6387 
6385 
6384 
6383 
6381 
6379 
6379 
6379 
6377 
6375 
6375 
6373 
6373 
6372 
6372 
6371 
6369 
6366 
6365 
6365 
6365 
6364 
6363 
6363 
6362 
6360 
6359 
6358 
6358 
6357 
6356 
6355 
6355 
6354 
6353 
6352 
6351 
6351 
6350 
6350 
6350 
6349 
6349 
6348 
6347 
6345 
6345 
6344 
6342 
6341 
6340 
6340 
6339 
6338 
6337 
6336 
6335 
6334 
6333 
6332 
6332 
6331 
6331 
6331 
6329 
6328 
6327 
6325 
6324 
6323 
6323 
6323 
6321 
6318 
6317 
6316 
6315 
6313 
6309 
6309 
6308 
6305 
6304 
6304 
6302 
6301 
6301 
6300 
6300 
6299 
6298 
6298 
6297 
6297 
6297 
6297 
6295 
6295 
6295 
6295 
6294 
6294 
6294 
6294 
6293 
6292 
6291 
6290 
6289 
6288 
6288 
6285 
6284 
6283 
6283 
6283 
6280 
6280 
6276 
6273 
6273 
6273 
6272 
6271 
6271 
6270 
6269 
6268 
6266 
6265 
6264 
6264 
6261 
6259 
6259 
6259 
6259 
6257 
6257 
6256 
6254 
6253 
6252 
6245 
6244 
6244 
6242 
6241 
6240 
6240 
6240 
6240 
6238 
6236 
6233 
6233 
6232 
6232 
6231 
6230 
6230 
6230 
6229 
6229 
6229 
6228 
6228 
6228 
6227 
6224 
6224 
6223 
6222 
6221 
6218 
6218 
6217 
6217 
6216 
6216 
6208 
6208 
6208 
6208 
6206 
6205 
6205 
6205 
6204 
6204 
6202 
6198 
6198 
6196 
6196 
6195 
6194 
6193 
6193 
6193 
6190 
6190 
6188 
6187 
6187 
6185 
6183 
6183 
6181 
6181 
6181 
6180 
6180 
6178 
6177 
6177 
6176 
6176 
6176 
6173 
6173 
6169 
6167 
6167 
6165 
6164 
6164 
6164 
6163 
6162 
6162 
6161 
6160 
6159 
6157 
6157 
6154 
6154 
6153 
6152 
6150 
6150 
6149 
6149 
6148 
6148 
6147 
6143 
6143 
6143 
6143 
6140 
6139 
6137 
6136 
6134 
6134 
6134 
6132 
6132 
6131 
6131 
6128 
6127 
6125 
6125 
6123 
6123 
6123 
6123 
6120 
6120 
6119 
6119 
6118 
6118 
6116 
6115 
6113 
6108 
6107 
6106 
6105 
6104 
6103 
6101 
6098 
6097 
6097 
6096 
6096 
6096 
6095 
6095 
6092 
6092 
6089 
6089 
6088 
6086 
6085 
6083 
6083 
6082 
6081 
6081 
6080 
6079 
6078 
6078 
6076 
6073 
6072 
6071 
6070 
6070 
6067 
6067 
6066 
6066 
6064 
6064 
6063 
6063 
6063 
6063 
6062 
6061 
6061 
6061 
6058 
6058 
6057 
6057 
6057 
6053 
6052 
6052 
6052 
6051 
6050 
6049 
6048 
6047 
6047 
6046 
6043 
6041 
6040 
6035 
6034 
6031 
6030 
6030 
6030 
6029 
6029 
6028 
6027 
6027 
6026 
6024 
6023 
6023 
6022 
6022 
6019 
6018 
6017 
6015 
6012 
6012 
6011 
6011 
6009 
6009 
6009 
6009 
6007 
6007 
6005 
6003 
6002 
6000 
6000 
5999 
5999 
5998 
5997 
5997 
5996 
5996 
5995 
5994 
5994 
5993 
5991 
5988 
5987 
5986 
5986 
5985 
5984 
5984 
5984 
5982 
5982 
5981 
5981 
5980 
5980 
5980 
5979 
5979 
5979 
5979 
5978 
5976 
5976 
5970 
5969 
5968 
5967 
5966 
5965 
5964 
5963 
5962 
5961 
5960 
5960 
5958 
5954 
5954 
5954 
5953 
5953 
5952 
5950 
5950 
5950 
5949 
5949 
5949 
5948 
5947 
5947 
5946 
5946 
5945 
5944 
5943 
5940 
5938 
5938 
5937 
5935 
5935 
5934 
5934 
5933 
5933 
5932 
5932 
5931 
5931 
5928 
5926 
5926 
5926 
5920 
5918 
5916 
5915 
5914 
5914 
5913 
5909 
5908 
5907 
5905 
5905 
5900 
5899 
5899 
5898 
5895 
5895 
5894 
5892 
5891 
5891 
5890 
5888 
5888 
5884 
5883 
5883 
5882 
5881 
5881 
5876 
5876 
5875 
5875 
5873 
5872 
5872 
5872 
5872 
5871 
5870 
5869 
5869 
5869 
5868 
5867 
5864 
5864 
5863 
5862 
5862 
5861 
5861 
5860 
5860 
5860 
5859 
5855 
5853 
5852 
5852 
5851 
5850 
5850 
5848 
5848 
5848 
5847 
5846 
5846 
5845 
5842 
5842 
5842 
5841 
5840 
5840 
5839 
5839 
5838 
5837 
5836 
5836 
5836 
5834 
5833 
5833 
5830 
5830 
5828 
5828 
5828 
5828 
5826 
5826 
5825 
5825 
5824 
5824 
5823 
5820 
5819 
5817 
5817 
5816 
5815 
5815 
5814 
5814 
5813 
5810 
5808 
5805 
5805 
5805 
5804 
5803 
5801 
5799 
5798 
5798 
5797 
5796 
5796 
5795 
5795 
5792 
5792 
5792 
5791 
5790 
5789 
5789 
5788 
5787 
5786 
5786 
5785 
5784 
5784 
5784 
5783 
5779 
5779 
5779 
5778 
5778 
5777 
5777 
5776 
5774 
5773 
5772 
5772 
5772 
5771 
5769 
5765 
5764 
5763 
5761 
5760 
5760 
5759 
5758 
5758 
5757 
5754 
5753 
5753 
5751 
5751 
5750 
5750 
5749 
5747 
5745 
5744 
5744 
5742 
5742 
5740 
5740 
5740 
5737 
5735 
5735 
5734 
5732 
5731 
5730 
5729 
5728 
5728 
5728 
5728 
5725 
5724 
5724 
5722 
5720 
5720 
5717 
5716 
5716 
5715 
5714 
5713 
5712 
5711 
5710 
5709 
5707 
5706 
5706 
5705 
5704 
5704 
5703 
5702 
5701 
5700 
5700 
5698 
5696 
5695 
5692 
5692 
5691 
5690 
5689 
5689 
5689 
5689 
5688 
5688 
5685 
5684 
5683 
5682 
5682 
5680 
5679 
5679 
5677 
5673 
5672 
5670 
5670 
5669 
5668 
5664 
5662 
5662 
5662 
5661 
5661 
5659 
5658 
5657 
5655 
5654 
5654 
5653 
5653 
5652 
5651 
5651 
5649 
5647 
5647 
5647 
5646 
5646 
5646 
5643 
5643 
5641 
5640 
5640 
5639 
5638 
5638 
5638 
5637 
5637 
5637 
5635 
5633 
5632 
5632 
5631 
5631 
5629 
5629 
5627 
5627 
5624 
5624 
5620 
5619 
5618 
5618 
5618 
5617 
5615 
5612 
5611 
5611 
5611 
5610 
5610 
5609 
5606 
5605 
5603 
5603 
5602 
5602 
5601 
5598 
5598 
5597 
5595 
5595 
5593 
5592 
5591 
5588 
5585 
5585 
5582 
5581 
5581 
5580 
5579 
5579 
5578 
5578 
5576 
5576 
5576 
5575 
5572 
5570 
5570 
5570 
5569 
5569 
5568 
5568 
5568 
5566 
5566 
5565 
5565 
5565 
5564 
5562 
5561 
5561 
5560 
5557 
5556 
5555 
5554 
5553 
5550 
5550 
5550 
5548 
5548 
5548 
5544 
5542 
5541 
5539 
5536 
5535 
5535 
5533 
5530 
5530 
5529 
5529 
5528 
5528 
5528 
5527 
5526 
5526 
5525 
5525 
5525 
5522 
5521 
5520 
5520 
5518 
5517 
5517 
5515 
5515 
5514 
5514 
5514 
5511 
5508 
5507 
5505 
5503 
5500 
5499 
5498 
5497 
5496 
5496 
5495 
5494 
5493 
5492 
5491 
5491 
5488 
5487 
5487 
5486 
5484 
5483 
5482 
5480 
5478 
5477 
5476 
5476 
5475 
5475 
5474 
5473 
5472 
5471 
5469 
5469 
5468 
5467 
5467 
5466 
5465 
5464 
5464 
5463 
5463 
5462 
5462 
5460 
5459 
5457 
5457 
5456 
5452 
5451 
5449 
5448 
5448 
5442 
5441 
5441 
5440 
5440 
5435 
5432 
5430 
5430 
5430 
5430 
5429 
5429 
5428 
5428 
5428 
5427 
5427 
5427 
5427 
5425 
5424 
5424 
5422 
5421 
5419 
5419 
5418 
5417 
5416 
5415 
5414 
5414 
5412 
5411 
5410 
5409 
5406 
5404 
5403 
5402 
5401 
5400 
5400 
5397 
5396 
5395 
5394 
5393 
5392 
5391 
5391 
5390 
5388 
5388 
5387 
5387 
5387 
5386 
5386 
5383 
5383 
5383 
5382 
5382 
5382 
5382 
5378 
5378 
5377 
5375 
5373 
5373 
5372 
5368 
5368 
5364 
5364 
5363 
5361 
5360 
5358 
5356 
5356 
5354 
5354 
5351 
5351 
5351 
5349 
5349 
5347 
5345 
5345 
5342 
5337 
5336 
5336 
5333 
5331 
5329 
5328 
5328 
5327 
5326 
5326 
5323 
5323 
5323 
5323 
5322 
5322 
5321 
5318 
5317 
5314 
5314 
5313 
5312 
5311 
5310 
5306 
5306 
5305 
5305 
5304 
5304 
5301 
5294 
5294 
5293 
5287 
5287 
5286 
5285 
5284 
5281 
5281 
5281 
5281 
5281 
5281 
5281 
5280 
5279 
5277 
5276 
5275 
5273 
5273 
5273 
5272 
5272 
5272 
5272 
5271 
5271 
5270 
5270 
5267 
5264 
5263 
5261 
5260 
5260 
5260 
5260 
5258 
5257 
5256 
5256 
5255 
5255 
5254 
5252 
5252 
5252 
5251 
5250 
5250 
5248 
5247 
5245 
5244 
5243 
5243 
5242 
5238 
5237 
5235 
5235 
5232 
5230 
5229 
5229 
5228 
5228 
5227 
5226 
5226 
5226 
5223 
5221 
5220 
5218 
5217 
5217 
5216 
5216 
5212 
5211 
5210 
5208 
5206 
5206 
5205 
5205 
5205 
5204 
5203 
5203 
5202 
5201 
5199 
5199 
5198 
5196 
5195 
5195 
5194 
5194 
5192 
5192 
5192 
5191 
5191 
5191 
5189 
5189 
5183 
5182 
5182 
5180 
5180 
5179 
5178 
5178 
5175 
5172 
5171 
5170 
5169 
5168 
5165 
5164 
5162 
5159 
5159 
5157 
5157 
5157 
5155 
5155 
5154 
5153 
5153 
5153 
5152 
5151 
5151 
5150 
5150 
5150 
5148 
5148 
5148 
5146 
5146 
5144 
5143 
5142 
5141 
5140 
5139 
5138 
5138 
5138 
5137 
5136 
5135 
5135 
5134 
5133 
5133 
5131 
5130 
5130 
5130 
5129 
5127 
5126 
5125 
5125 
5123 
5123 
5123 
5122 
5122 
5121 
5119 
5119 
5119 
5118 
5118 
5118 
5117 
5117 
5117 
5116 
5114 
5114 
5113 
5113 
5113 
5112 
5112 
5111 
5111 
5111 
5111 
5110 
5110 
5109 
5109 
5109 
5108 
5108 
5106 
5104 
5104 
5104 
5103 
5102 
5102 
5100 
5100 
5097 
5097 
5097 
5095 
5095 
5094 
5093 
5090 
5090 
5089 
5088 
5088 
5087 
5086 
5086 
5086 
5082 
5082 
5081 
5081 
5081 
5079 
5078 
5078 
5076 
5074 
5074 
5072 
5072 
5071 
5070 
5069 
5069 
5067 
5067 
5066 
5065 
5065 
5065 
5063 
5063 
5062 
5061 
5061 
5060 
5059 
5059 
5059 
5058 
5056 
5056 
5055 
5054 
5052 
5052 
5051 
5051 
5051 
5050 
5049 
5049 
5048 
5048 
5048 
5048 
5047 
5046 
5045 
5043 
5043 
5043 
5041 
5040 
5039 
5038 
5036 
5036 
5034 
5033 
5032 
5032 
5031 
5030 
5028 
5028 
5028 
5027 
5026 
5026 
5025 
5024 
5024 
5022 
5019 
5019 
5018 
5017 
5017 
5015 
5014 
5014 
5014 
5014 
5014 
5013 
5011 
5010 
5010 
5010 
5009 
5009 
5009 
5007 
5004 
5003 
5002 
5001 
5001 
5000 
4999 
4999 
4999 
4997 
4997 
4996 
4993 
4991 
4991 
4989 
4989 
4988 
4987 
4987 
4987 
4986 
4984 
4984 
4983 
4982 
4981 
4980 
4980 
4980 
4979 
4978 
4978 
4977 
4977 
4977 
4976 
4974 
4974 
4973 
4973 
4971 
4971 
4970 
4969 
4969 
4967 
4965 
4965 
4965 
4963 
4963 
4962 
4960 
4959 
4956 
4955 
4955 
4953 
4952 
4951 
4951 
4950 
4947 
4946 
4945 
4945 
4945 
4944 
4944 
4936 
4936 
4936 
4933 
4932 
4932 
4929 
4925 
4923 
4922 
4921 
4920 
4920 
4919 
4919 
4919 
4919 
4917 
4914 
4912 
4909 
4908 
4908 
4908 
4908 
4907 
4906 
4906 
4903 
4903 
4903 
4902 
4902 
4902 
4902 
4900 
4900 
4900 
4899 
4898 
4896 
4895 
4895 
4894 
4894 
4893 
4893 
4892 
4891 
4890 
4890 
4890 
4888 
4888 
4886 
4886 
4885 
4885 
4885 
4885 
4884 
4882 
4881 
4879 
4878 
4878 
4878 
4877 
4876 
4875 
4871 
4871 
4871 
4870 
4868 
4866 
4863 
4863 
4863 
4862 
4860 
4859 
4859 
4859 
4858 
4857 
4855 
4854 
4852 
4851 
4850 
4848 
4847 
4847 
4845 
4845 
4843 
4843 
4841 
4840 
4839 
4837 
4837 
4837 
4836 
4836 
4832 
4831 
4831 
4830 
4830 
4829 
4829 
4828 
4826 
4826 
4825 
4825 
4822 
4822 
4822 
4821 
4821 
4820 
4820 
4819 
4819 
4817 
4817 
4817 
4817 
4816 
4816 
4816 
4816 
4815 
4814 
4812 
4810 
4809 
4809 
4808 
4806 
4805 
4805 
4802 
4799 
4799 
4798 
4798 
4797 
4796 
4795 
4794 
4792 
4792 
4792 
4791 
4791 
4791 
4788 
4786 
4786 
4786 
4784 
4784 
4783 
4783 
4782 
4781 
4780 
4780 
4779 
4779 
4778 
4777 
4775 
4773 
4770 
4769 
4768 
4767 
4767 
4765 
4765 
4765 
4764 
4763 
4763 
4762 
4761 
4759 
4759 
4759 
4757 
4757 
4756 
4756 
4756 
4756 
4754 
4754 
4753 
4753 
4752 
4751 
4751 
4750 
4749 
4746 
4746 
4746 
4746 
4745 
4744 
4742 
4741 
4737 
4737 
4736 
4736 
4735 
4735 
4734 
4732 
4732 
4732 
4731 
4731 
4730 
4728 
4727 
4727 
4726 
4725 
4724 
4722 
4721 
4721 
4721 
4720 
4720 
4718 
4718 
4717 
4717 
4715 
4713 
4712 
4711 
4709 
4708 
4705 
4705 
4705 
4704 
4703 
4702 
4701 
4701 
4701 
4700 
4694 
4693 
4691 
4689 
4689 
4689 
4688 
4687 
4686 
4682 
4682 
4681 
4681 
4681 
4680 
4679 
4679 
4678 
4677 
4677 
4676 
4676 
4675 
4672 
4672 
4672 
4671 
4671 
4671 
4671 
4671 
4668 
4668 
4667 
4666 
4664 
4662 
4662 
4662 
4662 
4659 
4658 
4658 
4653 
4651 
4651 
4651 
4650 
4649 
4648 
4647 
4647 
4646 
4646 
4645 
4645 
4645 
4645 
4644 
4644 
4642 
4642 
4640 
4640 
4640 
4639 
4639 
4638 
4637 
4635 
4635 
4634 
4632 
4632 
4632 
4630 
4630 
4627 
4627 
4625 
4624 
4622 
4622 
4620 
4618 
4618 
4617 
4616 
4616 
4615 
4614 
4613 
4611 
4611 
4610 
4605 
4603 
4601 
4601 
4599 
4596 
4595 
4595 
4593 
4592 
4592 
4591 
4590 
4589 
4589 
4587 
4587 
4585 
4582 
4580 
4580 
4580 
4580 
4579 
4576 
4574 
4572 
4571 
4569 
4567 
4567 
4564 
4564 
4563 
4562 
4562 
4562 
4561 
4560 
4560 
4558 
4557 
4557 
4556 
4556 
4553 
4553 
4552 
4551 
4551 
4549 
4549 
4549 
4548 
4547 
4546 
4546 
4545 
4545 
4544 
4543 
4542 
4541 
4540 
4538 
4538 
4536 
4535 
4535 
4533 
4532 
4530 
4530 
4529 
4528 
4528 
4527 
4525 
4522 
4522 
4521 
4521 
4521 
4520 
4520 
4519 
4518 
4514 
4513 
4511 
4511 
4508 
4508 
4508 
4508 
4507 
4502 
4500 
4497 
4494 
4494 
4493 
4490 
4490 
4490 
4489 
4488 
4488 
4488 
4488 
4485 
4482 
4481 
4481 
4479 
4479 
4478 
4478 
4477 
4477 
4475 
4475 
4473 
4472 
4472 
4471 
4471 
4470 
4468 
4468 
4467 
4467 
4466 
4466 
4465 
4464 
4463 
4460 
4459 
4459 
4457 
4455 
4454 
4452 
4451 
4450 
4450 
4448 
4448 
4447 
4447 
4447 
4446 
4445 
4443 
4443 
4442 
4441 
4441 
4440 
4440 
4438 
4437 
4436 
4434 
4433 
4433 
4429 
4429 
4429 
4427 
4425 
4423 
4420 
4420 
4419 
4418 
4415 
4412 
4411 
4411 
4410 
4409 
4409 
4408 
4408 
4407 
4403 
4403 
4402 
4401 
4400 
4400 
4398 
4397 
4396 
4395 
4394 
4393 
4390 
4389 
4389 
4387 
4387 
4386 
4386 
4385 
4384 
4384 
4384 
4384 
4383 
4382 
4381 
4379 
4379 
4377 
4376 
4376 
4375 
4375 
4374 
4373 
4372 
4372 
4371 
4370 
4368 
4368 
4367 
4365 
4363 
4361 
4361 
4361 
4360 
4359 
4359 
4357 
4356 
4355 
4354 
4350 
4349 
4348 
4347 
4346 
4346 
4345 
4343 
4342 
4341 
4341 
4340 
4338 
4337 
4337 
4334 
4334 
4333 
4332 
4331 
4328 
4328 
4328 
4328 
4327 
4327 
4326 
4325 
4324 
4324 
4323 
4323 
4317 
4316 
4315 
4312 
4312 
4312 
4312 
4311 
4311 
4310 
4308 
4308 
4306 
4305 
4304 
4303 
4302 
4301 
4300 
4299 
4299 
4298 
4296 
4294 
4293 
4293 
4293 
4293 
4292 
4292 
4291 
4291 
4290 
4289 
4289 
4287 
4287 
4286 
4286 
4283 
4283 
4281 
4281 
4281 
4280 
4280 
4280 
4279 
4277 
4274 
4273 
4273 
4273 
4271 
4269 
4269 
4266 
4266 
4265 
4265 
4264 
4264 
4264 
4263 
4261 
4261 
4259 
4258 
4257 
4257 
4257 
4256 
4256 
4254 
4254 
4253 
4253 
4253 
4251 
4249 
4248 
4248 
4248 
4247 
4246 
4246 
4245 
4244 
4243 
4241 
4241 
4240 
4239 
4238 
4238 
4236 
4236 
4236 
4235 
4233 
4233 
4232 
4232 
4230 
4229 
4225 
4225 
4225 
4224 
4222 
4222 
4220 
4219 
4219 
4218 
4218 
4217 
4217 
4217 
4215 
4215 
4213 
4213 
4211 
4211 
4209 
4209 
4209 
4206 
4205 
4204 
4204 
4201 
4200 
4200 
4200 
4197 
4197 
4196 
4196 
4195 
4194 
4190 
4190 
4190 
4189 
4188 
4187 
4187 
4186 
4185 
4184 
4184 
4183 
4183 
4182 
4179 
4179 
4177 
4175 
4173 
4173 
4173 
4170 
4169 
4169 
4168 
4166 
4166 
4164 
4163 
4159 
4157 
4156 
4156 
4155 
4154 
4154 
4154 
4153 
4153 
4151 
4151 
4150 
4150 
4148 
4147 
4146 
4144 
4141 
4140 
4139 
4134 
4132 
4132 
4131 
4130 
4129 
4129 
4129 
4128 
4128 
4127 
4127 
4126 
4124 
4122 
4122 
4121 
4121 
4121 
4118 
4117 
4117 
4113 
4111 
4110 
4110 
4109 
4108 
4108 
4107 
4105 
4105 
4103 
4103 
4102 
4101 
4100 
4100 
4098 
4098 
4098 
4097 
4096 
4095 
4095 
4091 
4091 
4089 
4089 
4088 
4085 
4085 
4084 
4084 
4082 
4080 
4078 
4077 
4077 
4077 
4076 
4075 
4073 
4072 
4071 
4071 
4070 
4068 
4068 
4066 
4064 
4063 
4061 
4061 
4057 
4055 
4054 
4053 
4052 
4050 
4048 
4047 
4045 
4042 
4041 
4041 
4040 
4040 
4040 
4040 
4037 
4037 
4037 
4037 
4036 
4032 
4031 
4029 
4029 
4029 
4028 
4027 
4027 
4023 
4021 
4019 
4018 
4017 
4017 
4014 
4014 
4012 
4012 
4010 
4010 
4010 
4009 
4008 
4007 
4007 
4006 
4005 
4002 
4002 
4001 
4000 
4000 
4000 
4000 
3999 
3998 
3997 
3997 
3996 
3995 
3995 
3995 
3994 
3994 
3993 
3993 
3991 
3991 
3990 
3990 
3990 
3985 
3985 
3985 
3984 
3984 
3983 
3980 
3980 
3978 
3977 
3976 
3974 
3969 
3968 
3964 
3962 
3959 
3959 
3957 
3955 
3954 
3952 
3950 
3947 
3946 
3942 
3942 
3941 
3941 
3940 
3940 
3939 
3939 
3937 
3936 
3936 
3935 
3935 
3934 
3933 
3933 
3933 
3931 
3930 
3929 
3929 
3928 
3928 
3928 
3927 
3926 
3925 
3924 
3924 
3924 
3924 
3923 
3923 
3922 
3921 
3921 
3919 
3919 
3917 
3917 
3917 
3917 
3916 
3914 
3912 
3911 
3910 
3909 
3908 
3908 
3907 
3905 
3901 
3901 
3896 
3895 
3895 
3894 
3893 
3893 
3892 
3892 
3891 
3890 
3889 
3889 
3889 
3889 
3887 
3887 
3886 
3884 
3883 
3883 
3882 
3882 
3881 
3881 
3881 
3881 
3878 
3878 
3877 
3876 
3876 
3876 
3874 
3873 
3871 
3870 
3868 
3867 
3867 
3865 
3865 
3864 
3862 
3861 
3861 
3858 
3858 
3856 
3856 
3855 
3855 
3853 
3853 
3853 
3852 
3852 
3850 
3850 
3850 
3848 
3846 
3846 
3845 
3845 
3843 
3842 
3842 
3839 
3838 
3838 
3837 
3837 
3835 
3832 
3832 
3830 
3830 
3828 
3827 
3827 
3825 
3825 
3825 
3824 
3823 
3821 
3820 
3820 
3819 
3819 
3819 
3816 
3816 
3816 
3815 
3815 
3815 
3815 
3812 
3812 
3812 
3812 
3811 
3811 
3810 
3809 
3809 
3807 
3805 
3801 
3798 
3797 
3797 
3796 
3795 
3795 
3794 
3794 
3792 
3792 
3790 
3788 
3788 
3787 
3786 
3785 
3784 
3783 
3782 
3779 
3778 
3777 
3774 
3774 
3773 
3771 
3770 
3770 
3769 
3768 
3768 
3768 
3767 
3766 
3765 
3765 
3763 
3762 
3762 
3761 
3760 
3758 
3757 
3757 
3754 
3754 
3752 
3751 
3746 
3744 
3744 
3743 
3743 
3741 
3740 
3738 
3737 
3734 
3732 
3730 
3729 
3727 
3726 
3725 
3724 
3724 
3721 
3721 
3720 
3720 
3719 
3718 
3718 
3718 
3716 
3716 
3715 
3714 
3713 
3711 
3711 
3711 
3710 
3709 
3708 
3707 
3707 
3706 
3706 
3705 
3704 
3702 
3702 
3701 
3698 
3697 
3696 
3695 
3695 
3694 
3694 
3693 
3692 
3691 
3690 
3689 
3687 
3685 
3684 
3683 
3683 
3683 
3681 
3681 
3681 
3680 
3680 
3679 
3679 
3678 
3678 
3677 
3676 
3676 
3676 
3676 
3676 
3675 
3675 
3675 
3675 
3674 
3674 
3671 
3670 
3668 
3666 
3665 
3665 
3663 
3662 
3661 
3659 
3658 
3655 
3654 
3652 
3651 
3650 
3646 
3645 
3645 
3645 
3643 
3639 
3638 
3637 
3637 
3637 
3636 
3635 
3635 
3634 
3633 
3632 
3632 
3632 
3631 
3630 
3630 
3630 
3629 
3628 
3627 
3627 
3626 
3626 
3626 
3624 
3623 
3622 
3622 
3618 
3618 
3617 
3617 
3614 
3612 
3612 
3611 
3609 
3609 
3608 
3608 
3607 
3607 
3606 
3606 
3606 
3605 
3604 
3604 
3604 
3603 
3601 
3600 
3600 
3598 
3597 
3595 
3592 
3591 
3590 
3590 
3588 
3588 
3587 
3587 
3584 
3583 
3580 
3580 
3578 
3578 
3576 
3574 
3572 
3571 
3570 
3570 
3569 
3569 
3568 
3567 
3566 
3566 
3565 
3563 
3563 
3561 
3560 
3559 
3558 
3558 
3558 
3556 
3555 
3550 
3549 
3548 
3546 
3544 
3543 
3543 
3541 
3538 
3538 
3538 
3537 
3537 
3537 
3536 
3536 
3535 
3535 
3534 
3532 
3531 
3529 
3528 
3528 
3526 
3526 
3526 
3526 
3524 
3524 
3521 
3520 
3520 
3519 
3519 
3518 
3517 
3517 
3512 
3511 
3510 
3510 
3509 
3507 
3507 
3506 
3506 
3504 
3503 
3502 
3501 
3499 
3497 
3496 
3495 
3493 
3493 
3493 
3489 
3486 
3486 
3486 
3485 
3483 
3480 
3479 
3477 
3474 
3473 
3473 
3472 
3472 
3471 
3471 
3469 
3468 
3468 
3468 
3468 
3467 
3467 
3466 
3466 
3463 
3463 
3462 
3461 
3460 
3460 
3457 
3456 
3450 
3450 
3448 
3447 
3445 
3445 
3444 
3443 
3443 
3443 
3442 
3441 
3441 
3438 
3437 
3436 
3430 
3429 
3428 
3426 
3424 
3423 
3423 
3423 
3422 
3421 
3420 
3419 
3419 
3417 
3415 
3415 
3415 
3414 
3414 
3411 
3411 
3409 
3408 
3407 
3406 
3405 
3405 
3404 
3404 
3404 
3403 
3403 
3403 
3402 
3402 
3401 
3400 
3400 
3398 
3398 
3398 
3397 
3397 
3394 
3394 
3392 
3392 
3391 
3390 
3386 
3384 
3383 
3383 
3383 
3382 
3381 
3381 
3379 
3379 
3375 
3375 
3374 
3374 
3373 
3372 
3368 
3368 
3367 
3364 
3364 
3364 
3363 
3361 
3361 
3360 
3358 
3356 
3354 
3353 
3352 
3351 
3348 
3348 
3347 
3347 
3346 
3346 
3344 
3343 
3343 
3340 
3339 
3337 
3334 
3333 
3332 
3332 
3331 
3331 
3330 
3329 
3325 
3325 
3324 
3324 
3323 
3321 
3321 
3320 
3319 
3318 
3315 
3314 
3314 
3313 
3311 
3308 
3306 
3305 
3305 
3304 
3304 
3302 
3302 
3301 
3301 
3300 
3299 
3298 
3297 
3297 
3297 
3296 
3295 
3294 
3293 
3292 
3292 
3292 
3291 
3291 
3291 
3290 
3290 
3290 
3289 
3289 
3287 
3284 
3283 
3283 
3280 
3280 
3280 
3279 
3279 
3279 
3276 
3274 
3269 
3269 
3267 
3267 
3265 
3261 
3259 
3258 
3258 
3257 
3256 
3256 
3256 
3255 
3254 
3253 
3253 
3253 
3252 
3251 
3250 
3248 
3247 
3246 
3244 
3242 
3238 
3237 
3237 
3237 
3236 
3235 
3235 
3233 
3233 
3233 
3232 
3231 
3227 
3226 
3225 
3225 
3225 
3224 
3223 
3222 
3222 
3219 
3218 
3218 
3217 
3217 
3217 
3217 
3215 
3215 
3215 
3214 
3214 
3214 
3213 
3212 
3212 
3210 
3210 
3209 
3206 
3203 
3203 
3203 
3203 
3202 
3202 
3200 
3199 
3199 
3198 
3198 
3197 
3197 
3197 
3196 
3195 
3195 
3194 
3192 
3192 
3191 
3191 
3190 
3190 
3189 
3188 
3188 
3187 
3186 
3185 
3183 
3180 
3180 
3178 
3178 
3178 
3177 
3177 
3174 
3172 
3172 
3168 
3168 
3165 
3165 
3164 
3163 
3163 
3162 
3162 
3162 
3162 
3161 
3161 
3160 
3158 
3157 
3153 
3152 
3152 
3152 
3151 
3150 
3150 
3149 
3149 
3147 
3147 
3146 
3144 
3144 
3143 
3142 
3140 
3140 
3139 
3138 
3137 
3137 
3136 
3135 
3134 
3134 
3134 
3133 
3132 
3132 
3131 
3131 
3130 
3126 
3122 
3122 
3118 
3117 
3116 
3115 
3115 
3115 
3113 
3111 
3108 
3107 
3107 
3106 
3105 
3104 
3104 
3100 
3097 
3097 
3096 
3096 
3094 
3094 
3093 
3091 
3088 
3088 
3088 
3087 
3087 
3086 
3078 
3077 
3077 
3075 
3075 
3072 
3071 
3068 
3068 
3068 
3067 
3067 
3064 
3062 
3061 
3061 
3060 
3059 
3058 
3055 
3054 
3053 
3053 
3052 
3051 
3051 
3050 
3048 
3048 
3047 
3047 
3047 
3047 
3046 
3044 
3044 
3043 
3042 
3042 
3036 
3034 
3030 
3029 
3029 
3029 
3029 
3028 
3027 
3027 
3026 
3025 
3025 
3023 
3023 
3022 
3021 
3019 
3017 
3017 
3017 
3017 
3017 
3016 
3013 
3011 
3007 
3007 
3007 
3006 
3005 
3005 
3004 
3001 
3000 
3000 
2999 
2998 
2997 
2996 
2993 
2990 
2989 
2986 
2985 
2983 
2982 
2982 
2981 
2980 
2980 
2979 
2978 
2977 
2975 
2974 
2974 
2974 
2973 
2970 
2970 
2968 
2967 
2966 
2965 
2965 
2964 
2964 
2963 
2963 
2962 
2962 
2961 
2961 
2959 
2954 
2953 
2952 
2952 
2951 
2951 
2951 
2950 
2950 
2949 
2947 
2946 
2945 
2941 
2940 
2937 
2937 
2934 
2934 
2934 
2933 
2933 
2933 
2932 
2932 
2931 
2930 
2930 
2928 
2926 
2926 
2926 
2925 
2925 
2923 
2922 
2922 
2921 
2920 
2920 
2920 
2919 
2919 
2918 
2918 
2918 
2917 
2917 
2915 
2914 
2914 
2914 
2913 
2909 
2909 
2909 
2907 
2906 
2905 
2902 
2900 
2900 
2899 
2899 
2896 
2894 
2894 
2894 
2893 
2893 
2892 
2892 
2891 
2891 
2890 
2889 
2888 
2886 
2886 
2884 
2884 
2883 
2876 
2873 
2872 
2871 
2870 
2869 
2869 
2868 
2868 
2868 
2867 
2866 
2864 
2864 
2863 
2862 
2861 
2860 
2858 
2855 
2855 
2853 
2852 
2852 
2852 
2851 
2851 
2850 
2850 
2850 
2849 
2849 
2848 
2846 
2845 
2844 
2843 
2843 
2840 
2835 
2831 
2831 
2830 
2827 
2826 
2824 
2824 
2824 
2821 
2820 
2818 
2817 
2813 
2810 
2809 
2809 
2808 
2808 
2808 
2807 
2807 
2804 
2804 
2803 
2802 
2801 
2801 
2797 
2796 
2793 
2793 
2790 
2790 
2789 
2788 
2788 
2788 
2788 
2786 
2785 
2780 
2780 
2780 
2779 
2779 
2777 
2776 
2776 
2773 
2772 
2769 
2769 
2768 
2767 
2767 
2766 
2765 
2765 
2764 
2762 
2760 
2758 
2756 
2755 
2755 
2754 
2753 
2752 
2750 
2748 
2748 
2746 
2745 
2745 
2745 
2742 
2742 
2741 
2740 
2738 
2738 
2737 
2736 
2736 
2736 
2735 
2734 
2734 
2734 
2732 
2732 
2732 
2731 
2731 
2729 
2729 
2728 
2728 
2727 
2726 
2726 
2726 
2725 
2724 
2724 
2724 
2723 
2723 
2722 
2720 
2720 
2717 
2716 
2716 
2715 
2715 
2712 
2711 
2709 
2708 
2707 
2706 
2705 
2704 
2703 
2703 
2702 
2701 
2700 
2697 
2695 
2695 
2694 
2689 
2689 
2684 
2682 
2682 
2681 
2680 
2680 
2679 
2679 
2679 
2679 
2678 
2677 
2675 
2674 
2673 
2672 
2672 
2672 
2672 
2670 
2670 
2670 
2669 
2668 
2668 
2668 
2667 
2667 
2665 
2663 
2662 
2661 
2659 
2657 
2657 
2654 
2654 
2653 
2650 
2650 
2649 
2648 
2647 
2645 
2641 
2641 
2640 
2640 
2640 
2639 
2639 
2637 
2636 
2636 
2634 
2634 
2634 
2632 
2631 
2631 
2630 
2630 
2629 
2627 
2624 
2624 
2624 
2619 
2618 
2618 
2617 
2617 
2614 
2612 
2611 
2611 
2609 
2606 
2605 
2604 
2604 
2604 
2601 
2600 
2600 
2600 
2598 
2594 
2592 
2592 
2591 
2590 
2590 
2588 
2588 
2585 
2583 
2582 
2582 
2578 
2577 
2577 
2576 
2575 
2572 
2569 
2569 
2568 
2567 
2567 
2564 
2564 
2564 
2563 
2563 
2563 
2562 
2562 
2559 
2559 
2558 
2554 
2554 
2553 
2552 
2552 
2551 
2551 
2551 
2550 
2549 
2548 
2548 
2548 
2548 
2547 
2545 
2543 
2542 
2542 
2542 
2541 
2540 
2538 
2538 
2537 
2537 
2537 
2536 
2534 
2534 
2533 
2532 
2531 
2525 
2523 
2523 
2521 
2520 
2519 
2519 
2517 
2513 
2511 
2511 
2510 
2509 
2509 
2506 
2506 
2505 
2505 
2503 
2503 
2502 
2500 
2498 
2496 
2496 
2495 
2494 
2491 
2488 
2487 
2486 
2485 
2485 
2484 
2483 
2483 
2483 
2482 
2482 
2482 
2479 
2479 
2477 
2476 
2474 
2474 
2474 
2473 
2472 
2469 
2467 
2467 
2466 
2466 
2466 
2466 
2465 
2465 
2464 
2461 
2461 
2460 
2460 
2460 
2458 
2458 
2458 
2457 
2456 
2455 
2455 
2454 
2454 
2453 
2453 
2452 
2452 
2449 
2448 
2447 
2445 
2444 
2444 
2442 
2442 
2440 
2439 
2439 
2439 
2437 
2435 
2434 
2434 
2433 
2432 
2431 
2431 
2429 
2427 
2427 
2427 
2426 
2426 
2426 
2426 
2425 
2421 
2421 
2420 
2419 
2416 
2416 
2416 
2414 
2414 
2413 
2413 
2413 
2412 
2412 
2409 
2408 
2408 
2407 
2407 
2407 
2402 
2402 
2400 
2393 
2393 
2391 
2390 
2389 
2388 
2387 
2387 
2386 
2385 
2385 
2385 
2383 
2383 
2382 
2381 
2380 
2379 
2378 
2378 
2376 
2375 
2375 
2373 
2371 
2370 
2370 
2369 
2369 
2368 
2368 
2367 
2365 
2365 
2364 
2363 
2360 
2360 
2359 
2359 
2358 
2358 
2357 
2357 
2355 
2355 
2353 
2352 
2351 
2351 
2349 
2349 
2349 
2346 
2346 
2345 
2344 
2343 
2339 
2339 
2337 
2337 
2336 
2336 
2336 
2334 
2333 
2332 
2332 
2330 
2327 
2327 
2326 
2326 
2322 
2321 
2320 
2319 
2316 
2314 
2312 
2311 
2311 
2311 
2311 
2310 
2310 
2309 
2308 
2306 
2303 
2301 
2301 
2300 
2300 
2300 
2298 
2298 
2297 
2295 
2294 
2292 
2292 
2291 
2291 
2289 
2289 
2288 
2287 
2287 
2286 
2285 
2285 
2283 
2283 
2282 
2282 
2282 
2281 
2281 
2280 
2277 
2277 
2277 
2275 
2273 
2271 
2268 
2267 
2263 
2263 
2262 
2261 
2260 
2259 
2258 
2258 
2257 
2254 
2254 
2253 
2252 
2247 
2247 
2245 
2242 
2239 
2239 
2239 
2237 
2237 
2236 
2236 
2236 
2236 
2236 
2235 
2234 
2233 
2231 
2231 
2230 
2230 
2229 
2227 
2226 
2224 
2223 
2223 
2221 
2220 
2218 
2216 
2215 
2215 
2215 
2215 
2214 
2213 
2211 
2211 
2211 
2210 
2209 
2208 
2208 
2208 
2204 
2202 
2202 
2202 
2202 
2201 
2201 
2201 
2201 
2200 
2198 
2198 
2197 
2196 
2189 
2189 
2188 
2187 
2187 
2186 
2184 
2184 
2182 
2182 
2181 
2179 
2179 
2178 
2177 
2176 
2176 
2175 
2173 
2173 
2172 
2169 
2169 
2168 
2166 
2163 
2163 
2163 
2163 
2159 
2159 
2158 
2158 
2158 
2158 
2157 
2155 
2154 
2154 
2154 
2153 
2152 
2151 
2150 
2150 
2150 
2146 
2146 
2146 
2146 
2145 
2144 
2144 
2144 
2142 
2141 
2140 
2138 
2137 
2136 
2136 
2135 
2135 
2130 
2129 
2129 
2128 
2127 
2125 
2125 
2125 
2124 
2120 
2120 
2118 
2116 
2113 
2109 
2108 
2108 
2107 
2107 
2107 
2106 
2106 
2105 
2105 
2104 
2103 
2103 
2102 
2102 
2102 
2099 
2098 
2097 
2096 
2094 
2093 
2092 
2092 
2092 
2091 
2091 
2090 
2089 
2089 
2088 
2086 
2085 
2085 
2083 
2080 
2080 
2080 
2080 
2078 
2077 
2076 
2075 
2072 
2072 
2071 
2071 
2067 
2067 
2065 
2065 
2064 
2064 
2064 
2063 
2061 
2061 
2059 
2059 
2058 
2057 
2057 
2055 
2055 
2054 
2054 
2053 
2053 
2053 
2050 
2050 
2049 
2048 
2048 
2046 
2045 
2044 
2043 
2041 
2040 
2040 
2039 
2038 
2037 
2036 
2033 
2032 
2031 
2031 
2030 
2030 
2029 
2029 
2029 
2027 
2025 
2024 
2024 
2022 
2022 
2021 
2020 
2019 
2018 
2015 
2013 
2013 
2012 
2012 
2011 
2008 
2005 
2005 
2003 
2002 
2000 
1996 
1994 
1993 
1992 
1991 
1991 
1990 
1990 
1988 
1988 
1987 
1987 
1986 
1986 
1984 
1983 
1983 
1982 
1982 
1981 
1980 
1979 
1978 
1978 
1978 
1977 
1975 
1975 
1974 
1972 
1972 
1970 
1970 
1969 
1968 
1967 
1967 
1965 
1965 
1962 
1961 
1961 
1957 
1954 
1953 
1953 
1950 
1948 
1945 
1945 
1944 
1944 
1943 
1943 
1941 
1940 
1940 
1940 
1937 
1931 
1931 
1930 
1929 
1929 
1927 
1926 
1925 
1923 
1921 
1921 
1919 
1918 
1917 
1916 
1916 
1916 
1916 
1915 
1915 
1915 
1914 
1910 
1910 
1910 
1909 
1909 
1908 
1907 
1907 
1906 
1905 
1905 
1905 
1905 
1904 
1903 
1903 
1902 
1902 
1901 
1901 
1901 
1900 
1900 
1900 
1897 
1896 
1896 
1895 
1893 
1892 
1892 
1891 
1890 
1890 
1889 
1889 
1887 
1887 
1887 
1886 
1885 
1883 
1882 
1881 
1880 
1879 
1878 
1877 
1876 
1873 
1873 
1872 
1872 
1869 
1868 
1864 
1863 
1861 
1861 
1860 
1860 
1860 
1859 
1859 
1857 
1856 
1849 
1848 
1847 
1847 
1846 
1845 
1844 
1844 
1844 
1841 
1840 
1839 
1838 
1837 
1837 
1835 
1833 
1833 
1832 
1831 
1830 
1830 
1829 
1829 
1829 
1829 
1829 
1828 
1827 
1825 
1822 
1821 
1820 
1820 
1818 
1818 
1817 
1817 
1816 
1814 
1812 
1812 
1812 
1811 
1811 
1811 
1810 
1809 
1808 
1807 
1805 
1801 
1801 
1797 
1797 
1797 
1796 
1794 
1793 
1792 
1792 
1792 
1779 
1774 
1773 
1773 
1772 
1772 
1771 
1771 
1771 
1771 
1770 
1770 
1768 
1766 
1765 
1765 
1764 
1764 
1763 
1763 
1761 
1761 
1760 
1758 
1757 
1757 
1757 
1757 
1756 
1756 
1753 
1753 
1752 
1747 
1747 
1746 
1746 
1744 
1743 
1741 
1741 
1736 
1733 
1733 
1733 
1732 
1732 
1732 
1730 
1730 
1729 
1729 
1729 
1728 
1728 
1728 
1727 
1726 
1723 
1723 
1720 
1717 
1716 
1716 
1715 
1715 
1712 
1709 
1709 
1709 
1707 
1707 
1705 
1704 
1703 
1703 
1701 
1701 
1701 
1701 
1699 
1698 
1698 
1698 
1696 
1695 
1695 
1695 
1694 
1694 
1693 
1693 
1692 
1689 
1689 
1689 
1689 
1687 
1686 
1685 
1681 
1680 
1679 
1677 
1676 
1676 
1674 
1674 
1674 
1673 
1671 
1671 
1671 
1669 
1667 
1667 
1666 
1666 
1665 
1665 
1665 
1664 
1663 
1663 
1662 
1662 
1662 
1662 
1662 
1660 
1659 
1658 
1658 
1655 
1652 
1652 
1651 
1649 
1648 
1646 
1645 
1642 
1642 
1639 
1639 
1638 
1637 
1636 
1634 
1634 
1633 
1633 
1631 
1629 
1628 
1628 
1628 
1628 
1625 
1624 
1624 
1623 
1622 
1621 
1619 
1619 
1619 
1619 
1614 
1612 
1611 
1610 
1609 
1608 
1606 
1604 
1603 
1602 
1599 
1599 
1597 
1595 
1594 
1591 
1591 
1583 
1583 
1582 
1580 
1580 
1580 
1579 
1578 
1578 
1576 
1576 
1576 
1574 
1574 
1573 
1571 
1571 
1569 
1569 
1568 
1568 
1567 
1565 
1565 
1562 
1561 
1560 
1559 
1559 
1559 
1558 
1558 
1554 
1554 
1553 
1553 
1552 
1552 
1552 
1551 
1551 
1551 
1550 
1550 
1549 
1548 
1547 
1547 
1546 
1546 
1545 
1545 
1544 
1540 
1539 
1538 
1538 
1536 
1535 
1535 
1534 
1534 
1532 
1529 
1527 
1526 
1523 
1523 
1523 
1522 
1521 
1520 
1520 
1517 
1515 
1515 
1514 
1513 
1512 
1510 
1510 
1510 
1510 
1509 
1508 
1506 
1504 
1504 
1502 
1502 
1502 
1501 
1501 
1500 
1499 
1499 
1497 
1496 
1496 
1496 
1495 
1495 
1492 
1491 
1491 
1491 
1489 
1488 
1488 
1487 
1486 
1482 
1482 
1481 
1480 
1480 
1479 
1479 
1477 
1476 
1476 
1475 
1475 
1474 
1471 
1469 
1469 
1466 
1464 
1463 
1463 
1463 
1462 
1461 
1459 
1457 
1457 
1456 
1456 
1456 
1455 
1452 
1452 
1451 
1451 
1451 
1450 
1449 
1449 
1448 
1446 
1445 
1444 
1444 
1443 
1443 
1439 
1439 
1438 
1438 
1437 
1435 
1435 
1435 
1434 
1434 
1432 
1432 
1431 
1429 
1428 
1428 
1425 
1424 
1423 
1423 
1422 
1419 
1418 
1417 
1413 
1413 
1411 
1411 
1406 
1403 
1403 
1400 
1399 
1398 
1397 
1397 
1396 
1396 
1395 
1392 
1392 
1392 
1392 
1391 
1391 
1391 
1390 
1388 
1388 
1387 
1386 
1384 
1383 
1381 
1381 
1377 
1376 
1376 
1375 
1374 
1374 
1373 
1373 
1372 
1371 
1367 
1366 
1366 
1364 
1361 
1361 
1361 
1359 
1358 
1357 
1356 
1354 
1354 
1353 
1351 
1350 
1349 
1349 
1349 
1348 
1347 
1347 
1345 
1343 
1342 
1342 
1341 
1341 
1341 
1340 
1338 
1338 
1336 
1335 
1330 
1329 
1326 
1321 
1321 
1320 
1319 
1319 
1319 
1318 
1317 
1317 
1316 
1315 
1315 
1314 
1313 
1313 
1312 
1312 
1312 
1311 
1311 
1307 
1304 
1304 
1304 
1303 
1302 
1302 
1298 
1298 
1297 
1297 
1296 
1296 
1296 
1295 
1295 
1292 
1290 
1289 
1289 
1289 
1288 
1288 
1287 
1287 
1286 
1286 
1285 
1285 
1285 
1283 
1280 
1279 
1279 
1279 
1278 
1273 
1273 
1272 
1272 
1271 
1270 
1270 
1270 
1270 
1270 
1270 
1267 
1266 
1266 
1265 
1264 
1264 
1264 
1262 
1261 
1260 
1260 
1259 
1258 
1258 
1257 
1257 
1257 
1257 
1256 
1256 
1255 
1254 
1254 
1254 
1253 
1252 
1252 
1251 
1251 
1251 
1249 
1249 
1246 
1245 
1243 
1243 
1243 
1242 
1240 
1240 
1239 
1238 
1238 
1237 
1237 
1237 
1236 
1236 
1235 
1234 
1232 
1231 
1231 
1230 
1228 
1228 
1227 
1226 
1225 
1225 
1224 
1222 
1220 
1220 
1218 
1218 
1217 
1213 
1212 
1212 
1211 
1209 
1205 
1204 
1204 
1203 
1202 
1202 
1198 
1198 
1195 
1194 
1194 
1193 
1193 
1192 
1190 
1189 
1188 
1183 
1183 
1183 
1182 
1182 
1182 
1182 
1179 
1178 
1177 
1177 
1173 
1170 
1170 
1168 
1168 
1168 
1165 
1163 
1163 
1162 
1162 
1162 
1161 
1158 
1156 
1155 
1153 
1153 
1149 
1148 
1148 
1147 
1147 
1147 
1146 
1142 
1142 
1142 
1139 
1137 
1137 
1137 
1136 
1134 
1132 
1132 
1130 
1128 
1126 
1124 
1123 
1122 
1121 
1118 
1118 
1118 
1117 
1117 
1117 
1116 
1116 
1114 
1114 
1113 
1112 
1112 
1111 
1110 
1108 
1103 
1103 
1101 
1099 
1099 
1098 
1097 
1096 
1096 
1095 
1094 
1093 
1092 
1090 
1088 
1088 
1088 
1086 
1081 
1081 
1081 
1080 
1080 
1080 
1080 
1078 
1078 
1074 
1072 
1071 
1071 
1070 
1068 
1067 
1067 
1066 
1066 
1066 
1064 
1062 
1059 
1055 
1054 
1053 
1051 
1051 
1051 
1049 
1049 
1048 
1046 
1045 
1044 
1044 
1044 
1041 
1036 
1032 
1032 
1032 
1031 
1031 
1030 
1027 
1027 
1027 
1027 
1026 
1024 
1023 
1022 
1021 
1020 
1018 
1017 
1016 
1015 
1014 
1014 
1013 
1012 
1009 
1009 
1008 
1008 
1006 
1006 
1005 
1005 
1004 
1004 
1004 
1002 
1001 
1001 
1000 
998 
997 
997 
997 
996 
992 
992 
991 
990 
988 
987 
987 
987 
987 
986 
985 
985 
984 
982 
982 
978 
978 
978 
977 
977 
974 
973 
972 
970 
969 
969 
966 
965 
965 
963 
960 
960 
957 
957 
956 
955 
955 
955 
954 
951 
951 
951 
950 
950 
950 
950 
946 
944 
941 
941 
939 
937 
937 
936 
935 
934 
934 
934 
933 
932 
932 
931 
931 
929 
929 
928 
927 
927 
925 
924 
924 
924 
924 
923 
923 
922 
918 
918 
914 
913 
913 
912 
911 
911 
910 
910 
909 
908 
908 
908 
905 
905 
904 
903 
901 
900 
899 
898 
897 
897 
896 
895 
893 
890 
890 
890 
889 
886 
886 
886 
886 
886 
885 
885 
884 
884 
883 
882 
881 
880 
880 
879 
879 
879 
877 
876 
873 
873 
872 
870 
866 
866 
865 
864 
862 
860 
859 
858 
857 
857 
855 
853 
852 
852 
852 
848 
845 
844 
843 
838 
837 
836 
834 
832 
831 
829 
827 
826 
823 
823 
821 
821 
819 
819 
817 
817 
817 
817 
817 
816 
816 
816 
815 
814 
814 
809 
808 
807 
807 
804 
804 
804 
803 
802 
801 
799 
799 
798 
798 
798 
796 
794 
794 
792 
792 
791 
791 
787 
785 
785 
784 
784 
784 
781 
776 
774 
772 
771 
769 
769 
768 
768 
767 
766 
765 
764 
762 
761 
761 
761 
760 
757 
757 
757 
756 
756 
754 
753 
752 
752 
751 
749 
749 
748 
748 
744 
741 
735 
734 
732 
732 
732 
731 
731 
729 
728 
728 
728 
725 
724 
723 
723 
722 
722 
719 
719 
717 
716 
714 
713 
712 
712 
712 
711 
710 
710 
709 
707 
707 
706 
704 
703 
701 
700 
700 
700 
699 
697 
697 
695 
694 
694 
693 
693 
692 
689 
689 
688 
688 
687 
686 
686 
681 
679 
678 
678 
678 
673 
671 
671 
669 
668 
667 
666 
666 
664 
663 
662 
662 
661 
661 
661 
659 
658 
655 
654 
654 
653 
652 
652 
651 
650 
649 
648 
646 
646 
645 
645 
642 
641 
641 
641 
640 
640 
639 
634 
632 
631 
629 
628 
628 
626 
623 
623 
623 
623 
623 
622 
621 
620 
619 
617 
614 
614 
613 
613 
612 
611 
611 
608 
608 
606 
605 
604 
604 
603 
603 
601 
599 
598 
595 
594 
594 
594 
593 
593 
593 
592 
590 
589 
588 
586 
583 
582 
581 
581 
581 
579 
579 
579 
579 
579 
578 
578 
575 
575 
575 
574 
573 
572 
572 
569 
569 
565 
564 
563 
562 
561 
559 
558 
557 
556 
556 
555 
553 
552 
550 
550 
549 
548 
547 
546 
546 
543 
543 
542 
542 
542 
542 
539 
538 
536 
535 
534 
534 
529 
529 
526 
525 
525 
525 
523 
523 
520 
520 
519 
518 
513 
512 
510 
510 
510 
509 
509 
508 
508 
506 
506 
505 
505 
505 
503 
503 
502 
500 
499 
498 
498 
497 
494 
494 
494 
490 
489 
486 
485 
484 
484 
484 
483 
482 
481 
480 
480 
480 
477 
475 
473 
472 
470 
469 
469 
468 
468 
467 
466 
466 
461 
460 
460 
460 
459 
459 
459 
459 
455 
455 
453 
453 
452 
451 
450 
450 
450 
449 
448 
446 
446 
445 
445 
444 
443 
442 
442 
440 
439 
439 
439 
438 
437 
436 
435 
435 
434 
434 
433 
433 
432 
431 
430 
430 
430 
429 
429 
428 
427 
425 
422 
420 
418 
418 
417 
416 
416 
415 
413 
413 
413 
412 
411 
411 
407 
406 
405 
405 
402 
400 
400 
399 
399 
398 
396 
394 
394 
393 
392 
391 
389 
388 
387 
386 
383 
383 
383 
381 
380 
379 
378 
378 
378 
378 
375 
374 
371 
371 
370 
368 
368 
368 
368 
367 
365 
362 
362 
361 
361 
360 
360 
357 
356 
356 
355 
354 
353 
352 
351 
351 
350 
350 
348 
347 
345 
344 
342 
339 
338 
337 
335 
335 
332 
331 
330 
328 
328 
326 
326 
325 
325 
325 
324 
324 
324 
323 
323 
319 
318 
317 
316 
316 
316 
316 
316 
315 
313 
312 
311 
309 
308 
306 
304 
304 
303 
303 
300 
300 
300 
299 
294 
292 
291 
290 
289 
289 
289 
288 
288 
287 
287 
286 
286 
285 
285 
284 
283 
281 
281 
280 
278 
277 
277 
277 
276 
275 
275 
272 
272 
270 
269 
268 
264 
263 
262 
262 
262 
259 
258 
257 
253 
251 
251 
250 
250 
249 
249 
246 
245 
243 
243 
243 
242 
241 
240 
237 
237 
236 
236 
235 
235 
232 
232 
229 
226 
224 
223 
222 
222 
221 
220 
220 
219 
219 
219 
218 
218 
216 
215 
213 
213 
213 
211 
209 
209 
208 
208 
206 
205 
201 
200 
194 
193 
193 
193 
193 
192 
192 
191 
189 
189 
189 
186 
184 
184 
181 
180 
179 
178 
178 
177 
177 
177 
174 
172 
172 
170 
170 
168 
168 
167 
165 
164 
163 
162 
162 
161 
159 
159 
157 
157 
157 
156 
152 
151 
150 
149 
149 
146 
143 
143 
143 
142 
141 
140 
140 
139 
139 
138 
137 
137 
135 
134 
133 
133 
129 
127 
127 
125 
125 
122 
121 
120 
119 
119 
118 
117 
114 
114 
111 
110 
110 
109 
107 
106 
106 
105 
103 
103 
102 
102 
101 
100 
99 
99 
96 
96 
91 
91 
90 
90 
88 
88 
87 
86 
86 
85 
83 
83 
82 
82 
81 
79 
78 
72 
71 
71 
68 
65 
64 
63 
63 
61 
60 
59 
58 
57 
57 
55 
55 
55 
52 
52 
50 
49 
48 
46 
44 
42 
41 
41 
40 
39 
38 
38 
38 
37 
37 
35 
35 
34 
32 
32 
32 
31 
31 
30 
30 
28 
25 
23 
21 
21 
21 
20 
18 
17 
15 
14 
14 
14 
12 
11 
11 
8 
7 
7 
7 
7 
7 
6 
5 
4 
4 
4 
4 
4 
3 
3 
2 
1 
1 
