10000
3942 
8573 
4620 
5170 
2407 
3766 
6666 
7491 
4798 
9870 
9592 
4706 
5403 
6249 
9135 
3529 
7522 
1561 
9836 
3847 
6264 
5666 
5659 
8506 
3937 
7170 
3171 
8195 
1436 
7796 
3992 
9141 
2470 
654 
4344 
2812 
975 
160 
869 
5553 
3912 
3271 
9902 
3961 
6177 
6660 
4320 
7083 
1956 
2613 
1394 
5189 
5414 
9838 
26 
851 
6677 
8996 
9418 
3065 
1437 
6257 
1069 
2088 
8082 
4295 
1349 
8456 
6991 
467 
6430 
4452 
7257 
5282 
351 
8108 
1152 
2462 
8240 
3236 
8356 
4926 
8387 
8595 
1954 
915 
8226 
5682 
3037 
1978 
5492 
8835 
7636 
2858 
2611 
3807 
6100 
943 
8297 
2290 
702 
5886 
8097 
4037 
2772 
9365 
665 
4400 
8065 
1500 
7648 
6563 
8516 
3703 
3653 
8427 
3331 
4253 
9516 
380 
3739 
7861 
1465 
2314 
1088 
3146 
5827 
5561 
1337 
5666 
6947 
1889 
4074 
7525 
9614 
8894 
1366 
9964 
4095 
6913 
5372 
1564 
4141 
3753 
3281 
1381 
408 
8974 
5342 
8216 
9109 
5929 
6093 
2971 
5254 
3268 
3375 
6193 
2834 
8523 
7044 
4790 
2326 
6606 
6416 
1290 
3505 
5485 
6520 
5880 
5890 
7237 
8926 
3150 
2640 
752 
5330 
2891 
1196 
8546 
5557 
3451 
240 
2733 
6923 
4067 
1202 
1783 
5285 
6392 
5817 
9036 
1374 
2009 
8958 
2364 
6845 
4733 
9671 
7205 
2812 
3091 
8571 
9826 
1056 
2539 
1110 
2161 
9749 
5405 
653 
8089 
4945 
9662 
631 
2089 
804 
2329 
6244 
5107 
1599 
5527 
2676 
2524 
4057 
6466 
1740 
3321 
8453 
2181 
6872 
9212 
9695 
9589 
2992 
2606 
9900 
7793 
6190 
1148 
932 
8471 
2781 
5548 
5247 
7571 
8111 
425 
2938 
9487 
9258 
6693 
9234 
8039 
1762 
9103 
3770 
4663 
1108 
5175 
3149 
6313 
1183 
2806 
8702 
2409 
2192 
3460 
2897 
2529 
5977 
8048 
8507 
9281 
286 
8665 
866 
619 
1568 
6563 
3067 
4983 
4295 
9054 
1594 
4549 
4332 
8435 
4464 
2612 
4924 
1189 
4252 
9715 
4447 
2787 
2721 
5102 
8224 
4673 
5824 
8936 
607 
7331 
6224 
8837 
6139 
8937 
2203 
3089 
9931 
7298 
504 
1687 
7428 
6199 
7342 
9600 
6566 
1267 
5556 
6417 
7690 
1507 
2387 
1479 
1345 
832 
7048 
8254 
9070 
2434 
7647 
5980 
8213 
6239 
955 
2862 
2249 
5999 
6374 
8084 
6124 
6041 
3517 
2308 
2224 
875 
4354 
4718 
3151 
7238 
3368 
6601 
9854 
4890 
6152 
1843 
5867 
9302 
3963 
586 
9613 
3766 
532 
8819 
9921 
261 
6184 
4047 
1933 
3711 
9015 
2546 
9938 
5821 
8207 
3959 
8157 
1884 
3343 
6079 
88 
4039 
9725 
8317 
6252 
8431 
2559 
6031 
4335 
2161 
2676 
7195 
780 
2015 
3853 
4353 
3869 
613 
6551 
1711 
2042 
381 
7175 
3375 
7742 
1267 
9618 
536 
2431 
1285 
9042 
2530 
2151 
9034 
2160 
6379 
5274 
5242 
5738 
3133 
195 
8820 
9676 
958 
5073 
3640 
7817 
8206 
3906 
9021 
5762 
6503 
8531 
4258 
9780 
5291 
6575 
5852 
7512 
8931 
1217 
3232 
3892 
6399 
7892 
5772 
8190 
7987 
4340 
1150 
2253 
7864 
1305 
7659 
2578 
465 
2681 
2181 
2893 
6521 
3746 
3588 
8572 
1983 
107 
6327 
2526 
9322 
916 
8633 
3210 
1951 
1581 
8376 
8839 
0 
2322 
7954 
6482 
4944 
551 
3906 
1797 
7493 
1509 
8377 
4362 
5119 
2972 
6768 
6290 
8134 
6652 
4113 
7742 
569 
1615 
1275 
6969 
3733 
2959 
913 
7077 
9511 
9865 
3473 
7447 
8963 
1874 
8327 
7113 
8250 
7205 
3126 
2619 
7161 
3828 
422 
2655 
4817 
7957 
263 
5164 
5353 
7616 
1860 
226 
6670 
667 
90 
9720 
6218 
8343 
2218 
4113 
4832 
9988 
1262 
6303 
6167 
4997 
5389 
6431 
4337 
3989 
5873 
1017 
6202 
6980 
6349 
2315 
9003 
275 
1718 
6550 
9338 
1534 
9673 
4116 
5093 
1375 
7562 
4655 
2998 
6839 
4955 
9516 
6675 
5446 
3803 
6429 
77 
81 
9970 
9493 
8245 
4826 
7085 
327 
619 
7156 
9281 
3501 
5588 
3311 
2499 
9096 
1791 
5098 
8477 
210 
8510 
187 
4703 
4489 
4979 
5623 
3716 
9334 
256 
435 
5171 
7334 
448 
1130 
624 
1166 
3358 
2764 
5133 
5574 
203 
6040 
7704 
1704 
4098 
3972 
3561 
1805 
3512 
7649 
1551 
1454 
4914 
3280 
4892 
7555 
9593 
4820 
8360 
5519 
8037 
3685 
844 
5231 
4516 
108 
700 
2754 
5302 
9345 
1072 
327 
8878 
8872 
5715 
3863 
5171 
3980 
5933 
5125 
9887 
7579 
6244 
3467 
1386 
7444 
6571 
9427 
2805 
295 
4383 
606 
6034 
9232 
1080 
997 
587 
1884 
3151 
8570 
9600 
6526 
1889 
4426 
9794 
503 
9729 
4335 
7960 
1974 
4280 
8843 
8082 
2557 
793 
1525 
2576 
9160 
5037 
5662 
9926 
1878 
2324 
7148 
2331 
7261 
1263 
6381 
4556 
6152 
1088 
1580 
4150 
1222 
8806 
4898 
4567 
5736 
6471 
3224 
7822 
3609 
8076 
9104 
6475 
2239 
3218 
2953 
9459 
7250 
402 
258 
8550 
6171 
878 
3781 
2086 
6626 
2086 
5940 
7559 
7273 
7665 
7600 
689 
2433 
9804 
5294 
7003 
9995 
4335 
2418 
792 
4746 
8704 
4678 
6852 
9763 
86 
9954 
6420 
8141 
1585 
3975 
1089 
3695 
1366 
3153 
3403 
6158 
6989 
3482 
3011 
3569 
8017 
4313 
6143 
682 
777 
7053 
9984 
2562 
4697 
2288 
2298 
930 
1009 
5859 
8837 
8233 
6756 
4642 
1603 
111 
7213 
2370 
8603 
1789 
5716 
5882 
6644 
6652 
3235 
6897 
6279 
8413 
77 
4973 
2784 
7116 
6598 
2343 
7619 
8011 
3074 
3530 
6441 
9863 
8936 
1083 
9210 
9791 
7937 
9236 
4521 
6900 
7752 
2442 
6327 
99 
3873 
1363 
9446 
1901 
4579 
713 
3278 
2733 
8237 
2340 
9716 
7022 
7332 
7885 
5166 
1150 
8476 
3987 
6335 
1728 
1584 
9709 
7775 
4064 
668 
3793 
7170 
1889 
2375 
4025 
5726 
8369 
5556 
342 
3069 
4228 
6559 
8312 
2000 
2900 
7093 
2523 
2719 
5157 
1688 
531 
6207 
6897 
3320 
7616 
1839 
8639 
3563 
8076 
7179 
3619 
2538 
2183 
1567 
7312 
1031 
8208 
7364 
8046 
5267 
5710 
6146 
1605 
543 
5337 
9550 
7042 
1694 
7814 
5415 
4617 
9687 
4162 
3612 
5675 
3560 
8041 
536 
7037 
9743 
5864 
2865 
9649 
1823 
5665 
1345 
9475 
9710 
2011 
4657 
1453 
6139 
6108 
1617 
1351 
4149 
9065 
303 
4378 
8009 
7359 
4727 
2259 
9429 
5676 
2931 
498 
5749 
7758 
6191 
6183 
1062 
2396 
631 
5634 
3233 
8624 
9477 
4687 
4129 
7561 
1524 
9760 
408 
6831 
7944 
4435 
2152 
1095 
9411 
9892 
6770 
6488 
6400 
4559 
4005 
9046 
2311 
5554 
1018 
1020 
9781 
6662 
9909 
4862 
4459 
4633 
8513 
3071 
2058 
3723 
9601 
3861 
3062 
1008 
2595 
3907 
6341 
1754 
4179 
2523 
6827 
1178 
8412 
8126 
3375 
8822 
6697 
8926 
5601 
7057 
7434 
359 
1326 
5978 
273 
4962 
5127 
1173 
2323 
768 
8982 
2931 
7562 
720 
9970 
90 
3415 
892 
1213 
2985 
3272 
7409 
7895 
2346 
3933 
7013 
8146 
3228 
463 
3039 
5794 
3194 
9202 
7444 
1712 
1162 
1955 
8592 
6439 
8501 
4826 
6488 
5104 
3390 
4300 
9050 
8993 
283 
6006 
4378 
134 
6904 
5776 
3523 
1920 
272 
6803 
4616 
3150 
6654 
9831 
3412 
4551 
7438 
7533 
8710 
9617 
4510 
3374 
4808 
8676 
2164 
1400 
7670 
936 
7159 
9902 
6153 
2033 
5370 
5491 
1588 
496 
1806 
1821 
3096 
4632 
6687 
7869 
5464 
9685 
2495 
9513 
8988 
8899 
4914 
407 
2390 
5203 
2425 
832 
3337 
7932 
9911 
2334 
3295 
739 
7729 
9436 
1013 
7131 
423 
1177 
8169 
9768 
4101 
8908 
8658 
8224 
7918 
1620 
9572 
1600 
4098 
8810 
3554 
8452 
8622 
8995 
7065 
5139 
4072 
5038 
162 
3646 
403 
6427 
3893 
5637 
3034 
977 
7104 
1858 
8119 
5078 
2696 
8378 
973 
431 
5625 
7903 
1473 
8635 
3828 
7584 
6211 
9274 
2077 
6957 
3983 
7407 
7645 
8973 
5594 
1652 
5464 
940 
5429 
7816 
2121 
5810 
1170 
7268 
3428 
4335 
9001 
8789 
5178 
2478 
6158 
2609 
153 
8166 
1521 
2291 
3362 
7083 
2063 
2861 
7823 
4297 
4812 
3090 
7990 
4914 
623 
714 
5404 
1930 
9523 
8963 
2063 
6602 
2294 
6287 
3335 
2766 
6366 
6354 
4023 
8552 
8651 
4039 
700 
9656 
3727 
3312 
1368 
1397 
170 
789 
8685 
3575 
8586 
8248 
8661 
3921 
5597 
4436 
9706 
7973 
216 
8155 
3080 
6388 
2423 
9263 
3080 
601 
3049 
7454 
8721 
1156 
6183 
9967 
7190 
5373 
9849 
6520 
2060 
9597 
3522 
4843 
5854 
100 
3139 
6691 
1730 
2083 
5170 
7053 
2150 
1533 
5660 
8267 
7507 
3412 
61 
4904 
8760 
3721 
2707 
8723 
2306 
4892 
3398 
2931 
205 
9602 
7343 
2202 
2237 
6811 
484 
6760 
1702 
9078 
3153 
945 
7574 
2370 
6853 
4495 
4097 
2276 
8718 
1203 
6890 
7847 
3334 
7045 
9090 
7618 
2003 
7580 
8188 
8774 
7019 
4470 
4160 
3546 
225 
2372 
9408 
2544 
5687 
6546 
4904 
1332 
7748 
5548 
1784 
5441 
4099 
8425 
55 
8570 
2396 
5912 
8451 
2905 
2334 
1723 
5328 
6496 
2480 
602 
7573 
2632 
2203 
6598 
1310 
7162 
9049 
6303 
7427 
684 
6275 
8309 
8963 
5900 
8792 
1737 
681 
2538 
6872 
8997 
1438 
9348 
605 
9452 
9593 
9939 
7013 
323 
3848 
6038 
689 
8403 
9638 
5274 
925 
2245 
8888 
8697 
3082 
7305 
1307 
7041 
6749 
4802 
1474 
351 
8268 
7949 
5752 
3984 
3231 
8601 
4520 
8860 
1094 
9758 
466 
2749 
6037 
2156 
9389 
2132 
2414 
8527 
1844 
1514 
898 
4219 
9174 
766 
8617 
7105 
6960 
1190 
3531 
2449 
9457 
9217 
1825 
2095 
8243 
8267 
775 
3514 
7175 
2710 
5864 
5903 
1388 
3775 
2346 
5715 
2766 
1902 
8031 
6271 
6120 
8763 
1927 
8258 
3767 
4653 
1979 
9140 
3797 
2500 
4523 
8825 
859 
4069 
2884 
6483 
5351 
2274 
9735 
2611 
9161 
8230 
6651 
7990 
6391 
7138 
5720 
3380 
820 
4297 
6112 
5206 
2185 
1121 
7377 
4380 
3611 
7253 
3799 
6894 
5062 
1354 
286 
7626 
5065 
1299 
88 
8385 
9919 
5224 
6978 
1522 
8247 
3053 
6527 
8892 
5580 
7734 
307 
3852 
7680 
3330 
495 
1520 
2109 
5273 
9286 
5994 
6173 
991 
4881 
7910 
9896 
7342 
6127 
5507 
5087 
2981 
6804 
6275 
2497 
5993 
9945 
205 
5944 
2176 
8612 
5698 
5721 
1897 
852 
5434 
8262 
2445 
7554 
612 
8071 
4867 
6525 
9455 
5572 
4640 
6153 
8915 
5590 
5215 
8762 
4152 
1826 
6139 
9994 
9261 
3673 
2104 
5466 
5715 
7889 
7489 
9889 
4589 
655 
7516 
2195 
1109 
6703 
2766 
8813 
2132 
1858 
2654 
7376 
6969 
4648 
4077 
9342 
2558 
2500 
7469 
4522 
2595 
3455 
7477 
5445 
1621 
9020 
7137 
9342 
1593 
7689 
7609 
2780 
4241 
7987 
3289 
7678 
9071 
5958 
6464 
2334 
459 
4795 
6836 
4202 
35 
6075 
8424 
6245 
4058 
4531 
7285 
3602 
9469 
5878 
2851 
5294 
946 
8285 
131 
4753 
174 
8363 
2411 
6542 
839 
8784 
7637 
2601 
8328 
7317 
7297 
8956 
9888 
5361 
7757 
3383 
9854 
281 
6579 
7143 
6557 
5155 
6307 
8947 
1577 
5725 
9270 
6779 
8073 
5827 
2697 
830 
8594 
9021 
7877 
3804 
8508 
2596 
2875 
9879 
5789 
8136 
1376 
7357 
2145 
3213 
2128 
8027 
9285 
9182 
242 
1211 
9190 
7341 
5400 
4169 
127 
1034 
2480 
5907 
2525 
8845 
889 
5967 
7932 
2637 
7516 
4312 
7829 
6311 
7298 
4229 
491 
8306 
10 
8172 
9748 
2633 
136 
1451 
5264 
2359 
9436 
2529 
8248 
2756 
3232 
8708 
7505 
3461 
3254 
8617 
8521 
4668 
8691 
1082 
6104 
3282 
2371 
1125 
1727 
2226 
3596 
5092 
518 
2732 
631 
4203 
2781 
8882 
3533 
3880 
655 
6637 
5774 
9111 
5910 
4741 
93 
8632 
6625 
336 
9374 
1936 
3108 
9101 
118 
4225 
7933 
6456 
4076 
8620 
8073 
8709 
3695 
7954 
1868 
2948 
4945 
7516 
1075 
5057 
3884 
8145 
3116 
7126 
408 
2325 
2895 
8798 
6321 
4128 
534 
2593 
6850 
2614 
1893 
3354 
5235 
2294 
292 
6738 
9228 
5435 
1406 
9260 
879 
1124 
6979 
7824 
8449 
3745 
1048 
4976 
6009 
7911 
1614 
9644 
6528 
3333 
906 
5901 
8907 
1609 
2016 
3747 
129 
2500 
5890 
3368 
2654 
7964 
9414 
9981 
245 
2063 
3805 
2109 
1246 
3036 
8534 
853 
4986 
7032 
1179 
7192 
7537 
2305 
2262 
4992 
9910 
9709 
3595 
6525 
1631 
5029 
3719 
4263 
2066 
6928 
6837 
7342 
45 
7015 
5208 
6575 
3482 
471 
2014 
7455 
9800 
5791 
2241 
8473 
6917 
4589 
1361 
9605 
7155 
1131 
9910 
5213 
460 
283 
8002 
3612 
328 
1550 
6494 
8096 
6902 
3160 
5336 
2941 
3273 
5417 
4666 
8908 
2173 
1579 
5367 
6501 
8730 
7625 
839 
3168 
8319 
3099 
5315 
4052 
4851 
9910 
5879 
829 
8483 
2768 
4692 
8163 
7473 
1197 
3009 
1014 
8724 
3048 
5293 
6965 
9922 
4114 
622 
2829 
9568 
9959 
462 
129 
2423 
3506 
2450 
2314 
2671 
4585 
191 
5243 
5303 
8160 
3956 
9909 
6326 
7850 
4037 
7176 
1019 
3748 
9296 
3390 
413 
6448 
683 
2277 
184 
2921 
4618 
8249 
9181 
7373 
6041 
8211 
4103 
5463 
7852 
9445 
8642 
1 
498 
9585 
3710 
7859 
4613 
8611 
4766 
9502 
3710 
8493 
2328 
8700 
7124 
269 
843 
8235 
478 
1573 
1143 
124 
3964 
4400 
363 
9572 
6297 
3456 
8256 
7642 
5288 
144 
2835 
5331 
5345 
8403 
7435 
9893 
7995 
1196 
6985 
6834 
2350 
2046 
3569 
2992 
6579 
5305 
5177 
3196 
4668 
7108 
2776 
1165 
5738 
835 
8205 
1064 
3568 
5060 
731 
1115 
731 
1992 
6618 
6647 
9769 
4777 
5720 
3721 
6035 
3971 
834 
2027 
5067 
2598 
8009 
6027 
3475 
5284 
2035 
2299 
3188 
8645 
2058 
1648 
3931 
75 
1919 
1412 
5799 
9338 
5348 
1481 
1242 
8317 
2867 
4739 
1989 
491 
7381 
8258 
5782 
7978 
9033 
2737 
3924 
7248 
8825 
6734 
5189 
5175 
8932 
9963 
5626 
1536 
2282 
8449 
6055 
5397 
2548 
253 
4273 
1038 
232 
4370 
9017 
8259 
5256 
1773 
2721 
2424 
1196 
2211 
9964 
3191 
8819 
5318 
5450 
5881 
4886 
9863 
4085 
2675 
804 
8088 
5650 
4134 
5177 
3190 
9176 
7258 
7556 
2774 
7408 
3462 
4535 
6227 
6133 
1106 
3061 
4238 
6157 
4001 
5189 
5793 
2888 
807 
562 
8362 
5599 
9879 
2540 
4744 
913 
9131 
5663 
354 
9106 
6720 
6121 
3068 
486 
6813 
1538 
3189 
3329 
386 
8420 
8764 
1550 
9359 
2865 
849 
5768 
3669 
1600 
4477 
466 
3043 
5088 
266 
1612 
4119 
6033 
1599 
4984 
3094 
9423 
7959 
1155 
6900 
3667 
5193 
8456 
9743 
5631 
2507 
5892 
2863 
3811 
4027 
5099 
9665 
6602 
4680 
2439 
1290 
2370 
4914 
1215 
823 
3244 
2029 
740 
9418 
842 
9131 
871 
6458 
4063 
638 
4072 
1498 
5282 
1280 
712 
9703 
8660 
2886 
9946 
6575 
9687 
6401 
1748 
3182 
1364 
8789 
4227 
9648 
2172 
4067 
4667 
6666 
5361 
9610 
987 
6092 
776 
9248 
2737 
8536 
2992 
7859 
6064 
7234 
2411 
1572 
4364 
595 
2242 
7937 
3211 
3741 
4191 
5049 
8250 
5785 
9214 
3517 
9468 
1599 
7989 
832 
1517 
9201 
4736 
4832 
5293 
2019 
9248 
9995 
5582 
5294 
5996 
2287 
6069 
4784 
2889 
9743 
5823 
9739 
2219 
4733 
5374 
1604 
2890 
2445 
213 
1095 
7957 
5612 
5366 
2260 
9065 
6950 
6744 
7729 
5580 
6674 
9035 
8658 
1390 
944 
3487 
3094 
9495 
25 
6736 
2927 
2381 
317 
1298 
9694 
334 
2960 
4934 
1389 
4602 
7459 
9296 
6568 
1658 
1798 
2195 
9266 
8652 
9117 
6508 
67 
6999 
4793 
8793 
8968 
9588 
7497 
3755 
869 
1032 
6944 
6469 
6179 
1252 
7035 
6168 
3615 
3693 
59 
9259 
6084 
8468 
6216 
5534 
5357 
8731 
8443 
1467 
3641 
7382 
7976 
4203 
6179 
3627 
6829 
5668 
6122 
4840 
3815 
9475 
1538 
2670 
5152 
1079 
4933 
4262 
2391 
739 
2130 
7409 
4884 
7504 
9106 
4283 
7548 
785 
5866 
3637 
6951 
7910 
2101 
7600 
5513 
9567 
1985 
1622 
5557 
3949 
4010 
2134 
7951 
556 
5965 
5071 
9112 
9401 
3604 
6718 
9786 
6860 
6636 
8503 
7712 
1572 
4476 
2257 
544 
7427 
403 
9191 
3629 
5197 
6111 
5677 
8174 
157 
7627 
7833 
2959 
9935 
6652 
6221 
9666 
2921 
5122 
7972 
1491 
9108 
918 
9875 
9719 
8554 
9059 
1733 
426 
2480 
4037 
2373 
8476 
3077 
2565 
6573 
6759 
5687 
4674 
3338 
9256 
7081 
6133 
7743 
5254 
5762 
7223 
1687 
4388 
793 
1328 
6786 
3518 
9280 
8815 
6117 
292 
4026 
4119 
8425 
2932 
5935 
8926 
2522 
2192 
4405 
235 
3018 
2946 
1496 
1677 
8068 
9297 
6203 
775 
1599 
1158 
4772 
607 
8812 
8097 
126 
2393 
8791 
8316 
7763 
5363 
2154 
1303 
6405 
2959 
4351 
6986 
5846 
1686 
3690 
5147 
9997 
75 
4119 
6941 
1702 
9724 
8139 
1120 
2364 
7332 
4032 
8242 
3416 
6958 
3276 
5769 
8529 
4956 
4860 
8966 
3511 
9620 
555 
4465 
8075 
4584 
6858 
5114 
1277 
8873 
5071 
5647 
1019 
9373 
7658 
4579 
743 
4789 
1891 
3358 
2798 
8139 
8843 
6393 
8718 
7592 
2630 
6004 
5363 
2004 
9553 
8288 
7908 
2336 
8154 
7184 
1276 
3596 
1526 
6136 
5894 
7456 
458 
1016 
7069 
1220 
9134 
7218 
7301 
6489 
7355 
1473 
782 
1198 
9515 
6030 
6330 
4510 
4622 
1269 
9171 
8044 
4345 
7720 
2138 
2838 
2274 
7610 
595 
1460 
3201 
9263 
8832 
3735 
8570 
6665 
6307 
597 
4218 
131 
5439 
6643 
8884 
238 
2334 
4871 
3268 
7620 
1449 
7330 
7854 
1598 
1973 
5299 
7899 
1321 
8705 
9780 
342 
462 
9565 
3507 
6006 
686 
404 
4097 
1491 
8543 
5087 
6663 
2001 
3543 
3951 
7857 
9438 
2889 
1321 
775 
4017 
1079 
5844 
7714 
5247 
6305 
429 
778 
2992 
313 
2110 
8722 
4277 
4226 
4439 
4110 
9002 
9737 
4974 
4078 
8432 
2126 
6301 
9282 
3612 
2869 
3999 
3864 
8918 
4042 
8625 
2265 
9843 
8023 
6230 
5239 
8331 
1680 
5348 
4186 
3775 
6031 
8293 
409 
6607 
4110 
9779 
6924 
8640 
5445 
6032 
1308 
4956 
9353 
5748 
3234 
2075 
6544 
4693 
3623 
6932 
3339 
7105 
3259 
840 
9207 
6618 
8183 
2406 
6610 
6895 
1634 
4554 
7087 
7473 
9855 
2610 
280 
7562 
1650 
151 
773 
293 
9819 
9469 
9548 
8638 
567 
6558 
1097 
4565 
5785 
64 
713 
1930 
7024 
6191 
9818 
7457 
7133 
9931 
1445 
8751 
7415 
3473 
8862 
6752 
8907 
2918 
1547 
7695 
7990 
5539 
8894 
8987 
2451 
1506 
2116 
1962 
8071 
2285 
916 
8315 
7958 
5995 
8303 
6792 
1544 
9022 
6932 
1308 
8113 
5093 
8884 
6587 
9995 
4861 
9966 
337 
1389 
4499 
7826 
6261 
9669 
2009 
3745 
3583 
2811 
2121 
2742 
6640 
8018 
2066 
921 
5243 
3021 
1323 
384 
4298 
1704 
1310 
6878 
336 
464 
471 
3029 
573 
6605 
4731 
865 
2570 
1305 
1488 
4033 
8872 
1493 
9450 
2404 
1306 
9087 
3442 
813 
9471 
9483 
1868 
9794 
6882 
92 
8348 
1278 
1460 
1514 
8509 
85 
6413 
4325 
5850 
3304 
8372 
9143 
6382 
8565 
3639 
3988 
612 
8214 
5435 
6638 
4533 
9973 
6476 
3239 
9164 
6711 
4543 
8140 
5028 
1943 
5758 
1659 
2510 
7569 
1410 
7991 
1425 
3154 
2262 
7059 
2901 
4833 
8886 
5521 
7161 
8664 
1343 
2284 
5705 
1877 
2282 
8565 
7932 
9670 
3547 
4726 
9144 
1473 
8098 
6789 
159 
3039 
7295 
5544 
4618 
5477 
8945 
125 
3617 
327 
229 
6887 
6857 
9565 
4037 
4901 
2144 
7605 
5796 
1518 
3149 
7211 
9719 
4411 
3517 
9804 
5034 
2001 
4174 
5643 
3104 
4993 
5721 
3460 
7071 
9135 
96 
7817 
7411 
8813 
5107 
6327 
6281 
5408 
1344 
3005 
8147 
1161 
1303 
9557 
9993 
8680 
5941 
8519 
6479 
1260 
5716 
5611 
6346 
2572 
2872 
183 
6518 
6015 
397 
6756 
6476 
3011 
3920 
5990 
1987 
5300 
1763 
4093 
489 
3088 
7677 
9067 
8011 
1501 
1515 
6350 
9592 
9264 
302 
5207 
6504 
3089 
9438 
8128 
3564 
5554 
8736 
5063 
573 
6264 
4111 
8235 
7053 
5736 
7454 
3174 
5941 
8632 
5170 
8426 
8322 
4653 
3919 
8091 
3108 
7259 
429 
8743 
3385 
2400 
7945 
6353 
6102 
5199 
4391 
6775 
8153 
2837 
1430 
6452 
5441 
6836 
5222 
2991 
335 
7164 
5092 
6431 
822 
1182 
1692 
994 
9475 
4025 
5518 
8474 
167 
7119 
8780 
8975 
8629 
8548 
4015 
166 
8108 
1434 
675 
3076 
9546 
3683 
4150 
4144 
7788 
8213 
5036 
3162 
1331 
1581 
8033 
9661 
927 
445 
2529 
9379 
7455 
5326 
7625 
7970 
6904 
261 
9422 
4762 
281 
4542 
5663 
6944 
8632 
7769 
1840 
9763 
3515 
2082 
1919 
957 
4263 
2850 
8612 
117 
1033 
7925 
2703 
1596 
9381 
7377 
5946 
1825 
3196 
9821 
1386 
3346 
1089 
1982 
6069 
8642 
9522 
7557 
5656 
4363 
5686 
8723 
832 
2077 
2427 
4857 
4316 
6199 
2411 
7327 
1928 
9251 
6426 
2132 
4323 
2420 
6352 
3571 
7131 
545 
6659 
4667 
6413 
1907 
5582 
5972 
9293 
1460 
1545 
4959 
6761 
6206 
7845 
1107 
4334 
7796 
4410 
9228 
5118 
8876 
5167 
8328 
6404 
5469 
5489 
5469 
8383 
2196 
4809 
7963 
2927 
3799 
9682 
1974 
2394 
1414 
3137 
2455 
6113 
1725 
9498 
7481 
5314 
9753 
9294 
9730 
4184 
9428 
5337 
3668 
6830 
9098 
3836 
1977 
5911 
5888 
4055 
132 
7156 
5379 
5170 
1457 
8932 
3411 
9355 
6067 
1258 
2927 
1332 
660 
4376 
8079 
4134 
7270 
1272 
6979 
319 
9692 
1892 
9422 
350 
1903 
8440 
6552 
4745 
5937 
3451 
4401 
8671 
575 
318 
6500 
5713 
7854 
1730 
194 
4974 
3600 
3381 
3896 
6257 
1424 
547 
834 
529 
2222 
1596 
5020 
3011 
2813 
6282 
1698 
4207 
4578 
6244 
4269 
6398 
8511 
373 
9726 
9340 
9908 
4493 
5809 
2199 
4887 
5046 
3707 
3464 
4970 
9113 
1191 
2167 
9615 
4850 
177 
1397 
5711 
7161 
5370 
7821 
8885 
8847 
1594 
6812 
3579 
4639 
5282 
494 
2228 
2936 
9404 
3898 
5988 
2939 
6886 
9359 
7495 
9060 
5754 
3276 
3599 
8211 
9374 
8323 
7853 
503 
5371 
5645 
3409 
3968 
9469 
7947 
1417 
2700 
601 
864 
2416 
6351 
8591 
4232 
3963 
7245 
1389 
9128 
4595 
2524 
8109 
4789 
7385 
8309 
808 
5955 
1876 
1163 
1419 
7672 
2403 
7850 
4158 
3234 
9154 
9916 
2739 
546 
2569 
8809 
3874 
4566 
7788 
8656 
9085 
1039 
1132 
6359 
8322 
7628 
3184 
5770 
5937 
4069 
6781 
2391 
4929 
5926 
8601 
1219 
5252 
6227 
8996 
137 
3717 
7648 
3383 
1533 
5062 
5649 
3978 
3736 
6726 
2433 
1275 
2670 
8512 
6398 
4834 
8862 
4215 
572 
5803 
6070 
3988 
3138 
4054 
2620 
2227 
9583 
7241 
3444 
3366 
1816 
7769 
289 
6087 
4881 
8228 
735 
2086 
4060 
7016 
7117 
5858 
4999 
3205 
6488 
4023 
9835 
3239 
8447 
1302 
9518 
7729 
4460 
8881 
8664 
5343 
757 
8029 
1680 
2044 
2006 
3668 
7813 
7438 
4844 
6716 
4220 
4997 
4075 
3580 
9715 
7146 
6329 
6430 
9466 
1819 
1900 
5978 
4644 
3861 
152 
3194 
4231 
3722 
3068 
9458 
6856 
98 
8238 
4982 
4270 
7944 
6400 
4204 
6094 
9562 
7288 
3465 
4595 
8901 
7754 
6208 
9570 
4176 
9369 
7483 
8515 
8809 
9963 
8435 
1645 
6246 
2452 
3262 
2748 
9222 
3369 
4179 
8772 
260 
7608 
180 
5370 
5930 
6632 
2090 
3329 
9282 
2046 
5074 
3008 
3921 
6900 
7100 
3688 
2918 
7535 
8054 
715 
5452 
4979 
9335 
5681 
5577 
4409 
1542 
3300 
7313 
205 
8704 
5473 
6870 
6045 
9450 
8921 
2913 
9039 
6253 
9341 
4338 
4339 
4113 
9284 
1520 
9516 
7169 
1863 
4845 
8871 
1910 
4594 
1364 
3242 
55 
7470 
1069 
1651 
9195 
4591 
8750 
4576 
510 
6154 
7651 
8175 
2680 
2504 
5508 
1698 
1445 
999 
4927 
116 
5279 
9910 
8203 
1407 
6360 
6504 
7573 
6480 
7051 
3333 
7720 
2546 
2405 
6819 
6705 
5909 
5476 
7451 
2452 
7837 
6495 
7501 
9327 
6899 
1892 
2027 
6637 
697 
1893 
9187 
1402 
4820 
9048 
4227 
4047 
1221 
4059 
4976 
7886 
5911 
2613 
2405 
1225 
5673 
9407 
152 
5101 
6414 
7539 
1248 
7046 
4975 
1811 
1671 
2364 
4046 
6172 
4019 
8053 
9901 
1739 
6737 
3753 
9333 
6386 
6582 
8977 
4520 
2250 
9845 
9135 
404 
1303 
3464 
6753 
7457 
9075 
6581 
3430 
6020 
6906 
785 
4832 
8186 
6242 
1755 
9169 
4480 
3893 
6299 
1083 
7637 
3947 
5661 
5105 
7319 
2536 
7585 
2296 
8762 
5448 
8895 
905 
6915 
8891 
4958 
62 
3527 
5935 
6584 
6492 
9783 
5118 
8580 
3215 
4662 
6099 
4879 
4792 
5949 
5452 
8195 
4201 
7694 
9135 
3825 
1450 
9774 
5070 
4476 
6661 
6759 
4861 
7508 
8201 
5099 
6006 
8053 
2226 
6431 
8350 
5307 
6572 
8506 
4439 
8517 
4870 
7430 
7634 
7268 
9142 
3150 
9327 
4601 
5396 
4149 
326 
8528 
1876 
3476 
8772 
166 
7533 
2113 
7297 
6221 
7767 
5520 
6117 
6074 
8305 
7715 
9053 
3369 
4312 
2683 
4442 
8062 
1463 
1933 
257 
7852 
9958 
1456 
480 
3897 
2006 
9914 
218 
9846 
7008 
6098 
2760 
1981 
1321 
6711 
1027 
9975 
7436 
1169 
3495 
4175 
1319 
1016 
2005 
807 
7059 
6541 
4184 
6280 
8789 
4417 
1305 
6217 
1573 
2647 
1135 
1542 
5244 
6750 
8241 
540 
4818 
2965 
6811 
7221 
8897 
243 
8508 
2547 
7639 
1297 
9068 
5876 
2265 
8668 
8074 
9795 
3559 
2145 
1047 
9110 
3288 
2606 
1505 
5629 
3804 
2961 
914 
2172 
7920 
8276 
2790 
881 
4008 
8396 
6781 
1183 
7664 
7082 
5484 
4284 
3397 
3266 
9977 
1713 
3959 
5059 
3990 
3 
9724 
2372 
4328 
3898 
1166 
5609 
2948 
1955 
2522 
7575 
2208 
7455 
9862 
5613 
6750 
7927 
2588 
3352 
9545 
5016 
4674 
4761 
9887 
6491 
8704 
301 
6690 
849 
1052 
9653 
7203 
4848 
8137 
5418 
9575 
4003 
6402 
3295 
4252 
3404 
5387 
8763 
2710 
4618 
3623 
4589 
9184 
9296 
8434 
6120 
1141 
7727 
1664 
8182 
6333 
8622 
3218 
3982 
1825 
633 
1104 
5435 
9172 
4243 
685 
5769 
1553 
9275 
5289 
4656 
5051 
5147 
3081 
6868 
5949 
5309 
5374 
9027 
5691 
4775 
5975 
7771 
1753 
6082 
9858 
2413 
3681 
9460 
7972 
5253 
1485 
3322 
7640 
1092 
387 
8276 
1414 
9270 
5073 
4819 
5214 
8623 
8661 
4959 
2082 
3491 
7796 
3128 
2583 
278 
6305 
840 
9006 
9699 
2219 
6578 
2444 
1108 
689 
4363 
359 
4188 
4428 
394 
7039 
9246 
2960 
8618 
2472 
1006 
8622 
8583 
8127 
3228 
9348 
7506 
5320 
2125 
7620 
7643 
2523 
7908 
8232 
9981 
8218 
1103 
8648 
1066 
8217 
7429 
7899 
8057 
7060 
9328 
9603 
1891 
2005 
88 
2726 
7637 
62 
4602 
3171 
947 
5390 
4185 
5848 
8430 
6564 
858 
3200 
9687 
5837 
4408 
2806 
182 
8097 
6869 
2478 
5964 
8761 
5590 
7869 
6221 
8701 
8258 
4754 
6741 
9453 
4579 
638 
9088 
241 
2890 
8196 
790 
5181 
4553 
6405 
9362 
8791 
8453 
4779 
4414 
3961 
9944 
4646 
8218 
6441 
3554 
3361 
1642 
5119 
4102 
2096 
7537 
5302 
327 
9893 
4643 
1357 
428 
6222 
9869 
8916 
3333 
9636 
9876 
9397 
1758 
3058 
3919 
8548 
6519 
4866 
5507 
2470 
4847 
5703 
211 
4421 
9653 
9235 
903 
1507 
192 
5259 
8099 
767 
2055 
5738 
6737 
8712 
5602 
9112 
8347 
8704 
5738 
3929 
5336 
1518 
3556 
6711 
4304 
35 
3294 
8501 
9360 
7676 
397 
8848 
5519 
4710 
2881 
1376 
285 
4698 
6060 
1247 
7572 
6951 
2162 
3777 
8741 
3369 
514 
7166 
8849 
7165 
2691 
9574 
6619 
4884 
4159 
1310 
5271 
6743 
4736 
434 
1934 
6534 
3692 
7998 
51 
6494 
1069 
4937 
736 
8801 
7462 
2847 
4691 
7442 
8659 
7090 
8609 
16 
7452 
7595 
4087 
3541 
3072 
1917 
6739 
1276 
4453 
1698 
8023 
8714 
5781 
8910 
294 
4574 
7672 
1549 
4234 
5217 
3164 
9987 
6095 
3357 
5523 
5888 
1991 
8053 
9836 
3840 
9093 
9326 
700 
9599 
1401 
7922 
3081 
1009 
496 
483 
7637 
9614 
567 
8347 
7188 
4073 
8328 
8423 
8548 
2749 
1441 
9441 
4147 
1506 
7996 
4807 
2736 
1402 
809 
6470 
2156 
425 
370 
5527 
9249 
8277 
3417 
3667 
177 
2717 
538 
5721 
4902 
8260 
2204 
1486 
2180 
964 
8519 
1058 
3517 
8173 
3717 
8819 
8522 
4953 
9675 
3302 
6342 
4712 
2205 
258 
8967 
5461 
4466 
9814 
7411 
170 
9164 
6 
4398 
7643 
5986 
8976 
2048 
2908 
1100 
8524 
5946 
7045 
6787 
3389 
8592 
4236 
9439 
5556 
8443 
1987 
8883 
1312 
3912 
1610 
8779 
7061 
7471 
9393 
1765 
4254 
7124 
1323 
1548 
5947 
1477 
4313 
3191 
2808 
4448 
5739 
9666 
4780 
7211 
4446 
2845 
7581 
1875 
8486 
8702 
725 
1986 
853 
7960 
2496 
1395 
826 
6376 
2486 
5972 
7746 
8086 
2738 
4691 
5292 
7608 
5947 
4267 
9965 
9212 
509 
7345 
9781 
7274 
5570 
4461 
6408 
8131 
8448 
4501 
2997 
6659 
3171 
9454 
41 
2302 
4026 
697 
1344 
9734 
9932 
8800 
9191 
2083 
4822 
3328 
1779 
3489 
3658 
9392 
2198 
2740 
6149 
6939 
3824 
8417 
6312 
9396 
8072 
8156 
8732 
1833 
5445 
9018 
9516 
894 
3853 
6311 
3548 
6390 
2524 
8829 
6517 
2589 
9251 
1943 
5889 
3879 
824 
5878 
407 
5558 
2776 
9071 
9347 
6028 
6115 
2139 
283 
2504 
2275 
2179 
3379 
3710 
1135 
9368 
2221 
3722 
4698 
890 
2263 
9786 
4568 
322 
5848 
6668 
1436 
4368 
7040 
7574 
192 
5982 
3709 
9485 
6759 
4698 
5272 
5449 
390 
7915 
849 
7476 
6909 
6288 
1335 
3746 
9083 
7967 
5406 
6465 
1211 
9268 
4021 
5886 
6187 
4602 
3249 
3066 
5172 
3994 
6638 
8088 
5141 
5948 
5528 
9351 
7758 
2093 
7001 
2454 
6932 
7758 
2565 
8779 
3202 
1685 
2323 
670 
7778 
895 
9418 
45 
5480 
514 
663 
3985 
4446 
881 
8782 
1071 
2672 
3199 
7131 
5201 
272 
539 
2782 
886 
1862 
535 
5217 
8789 
3092 
3820 
3403 
5079 
6883 
1245 
5348 
6912 
1047 
1100 
3827 
7779 
6111 
551 
2864 
5941 
1072 
4143 
7357 
1169 
5725 
153 
8890 
1097 
8900 
1726 
4085 
7109 
3969 
6682 
9314 
3564 
2513 
3811 
2357 
5499 
6463 
3522 
7480 
3403 
5132 
1909 
2145 
7424 
3864 
2326 
8211 
9841 
7111 
9604 
7939 
924 
336 
7716 
136 
8437 
7932 
9538 
6388 
5247 
6163 
9414 
3697 
9876 
232 
1520 
7906 
7257 
5956 
4277 
9915 
999 
6772 
1286 
6075 
784 
3809 
1892 
2860 
8850 
1782 
9216 
5520 
5026 
4104 
8357 
8046 
9496 
6179 
3894 
1437 
8722 
4205 
6903 
5394 
4152 
1503 
753 
3952 
8808 
5587 
4655 
1122 
5720 
3328 
5713 
7512 
643 
181 
5286 
26 
8250 
4758 
2275 
2924 
2619 
6395 
3183 
6815 
5523 
1989 
5784 
4480 
4777 
182 
3154 
6248 
6041 
7179 
4227 
3389 
8767 
6449 
8630 
6344 
4376 
2884 
3991 
2003 
1430 
2474 
2669 
1355 
2181 
498 
445 
3387 
4160 
8830 
4800 
1519 
8734 
5319 
643 
8166 
8993 
328 
627 
5919 
4646 
9415 
6982 
2860 
8383 
2628 
29 
4380 
8219 
9926 
4304 
4573 
3669 
9556 
4250 
7389 
7332 
6425 
5760 
979 
26 
9515 
9883 
487 
3902 
5000 
4451 
3297 
996 
8916 
2065 
1621 
9894 
1048 
225 
5935 
6705 
697 
6633 
8708 
4532 
135 
5874 
7872 
4001 
2237 
8981 
6755 
8566 
245 
7723 
4030 
6839 
5300 
6922 
6867 
2959 
1591 
4785 
477 
7408 
1176 
4263 
6109 
1151 
7986 
6674 
2428 
961 
8957 
6626 
8726 
953 
2401 
3028 
9528 
4610 
4506 
1198 
7914 
2490 
4803 
1902 
1956 
1764 
5640 
6450 
7509 
855 
1134 
1799 
6028 
2732 
7555 
8843 
519 
3802 
3089 
9149 
4538 
1103 
8060 
7011 
9420 
7330 
6393 
2950 
5624 
232 
2947 
8934 
8470 
3896 
1646 
4355 
3247 
1531 
6527 
8640 
9244 
9492 
116 
3884 
13 
9140 
7668 
2953 
7052 
3340 
1525 
1923 
8268 
8792 
209 
6141 
7127 
7977 
1799 
6449 
8590 
7114 
2738 
6772 
3120 
1164 
7286 
5935 
2723 
2201 
7433 
6391 
9821 
9419 
1179 
7346 
268 
7605 
520 
8010 
6134 
3822 
8918 
4540 
3586 
6531 
5076 
823 
9864 
9203 
8775 
3049 
2898 
8003 
9541 
6456 
3949 
4396 
3362 
4686 
3234 
2791 
824 
9562 
1490 
1962 
3939 
8358 
906 
7598 
3665 
7450 
6337 
5977 
4425 
6961 
5835 
4619 
4574 
556 
1471 
5237 
5849 
8201 
9611 
6183 
1876 
8263 
6729 
4744 
4004 
91 
5430 
322 
2859 
4360 
7687 
5619 
7361 
111 
8952 
4550 
1442 
1231 
3772 
4599 
2133 
8125 
993 
4527 
5060 
8834 
7381 
2141 
9874 
2110 
7597 
8806 
8904 
6097 
7017 
7062 
7535 
9996 
314 
5258 
4542 
3885 
3016 
7958 
4759 
8451 
6316 
3370 
2739 
5563 
9255 
5985 
2468 
6532 
4299 
8992 
6867 
5164 
5496 
7818 
4537 
7953 
9817 
3016 
7430 
2664 
4127 
1033 
6426 
982 
1852 
7126 
8782 
8836 
7222 
1962 
954 
2984 
564 
1356 
2521 
8895 
5840 
5921 
3575 
6595 
191 
3926 
3791 
1376 
7949 
1211 
5680 
8533 
9249 
1808 
1193 
6781 
7206 
3349 
5391 
8336 
8543 
8613 
3939 
7593 
8752 
474 
9422 
8941 
8267 
547 
2465 
6075 
1365 
5455 
5708 
5801 
9023 
6057 
2373 
1666 
5985 
8618 
4499 
5465 
7934 
9115 
4840 
1543 
6075 
3322 
3821 
2431 
9386 
6879 
2166 
8805 
4627 
9063 
3545 
5275 
8346 
7370 
8596 
5295 
2972 
3925 
7093 
8 
2027 
3092 
7259 
6565 
5609 
3041 
7002 
6149 
9268 
3874 
6313 
6144 
7599 
7884 
3538 
561 
5103 
8950 
6788 
5782 
3292 
8104 
975 
3645 
6595 
839 
6260 
721 
9295 
6450 
3377 
2585 
8364 
9360 
2988 
6531 
5771 
531 
8046 
2852 
8427 
8913 
1680 
7108 
5004 
1900 
5770 
554 
1557 
5718 
6474 
2261 
3529 
2787 
1897 
2631 
7358 
9667 
5861 
4051 
6947 
7711 
3517 
4160 
6628 
7728 
9240 
6714 
3852 
2947 
7976 
5302 
7805 
5364 
9965 
3346 
7521 
8162 
2071 
3894 
7097 
6457 
1107 
8166 
4377 
8712 
8382 
4096 
420 
414 
6810 
1885 
7857 
9561 
5766 
4119 
4240 
8574 
5716 
1691 
8882 
1216 
9593 
1107 
2647 
9329 
7064 
5827 
8399 
6719 
7366 
3754 
8841 
1759 
5907 
8430 
3215 
471 
9894 
1744 
6353 
7724 
178 
5886 
7816 
3767 
1151 
4733 
873 
9856 
6751 
217 
9745 
4590 
2626 
2244 
2768 
4579 
4181 
4150 
1311 
3968 
4231 
9122 
7614 
430 
2228 
5929 
2327 
1041 
6946 
2367 
2254 
9951 
182 
2389 
9351 
2381 
514 
8150 
5532 
5164 
9808 
5886 
2539 
7702 
9054 
8729 
9632 
893 
5316 
9815 
9367 
9812 
9160 
6450 
6137 
6544 
6689 
4433 
7897 
8567 
5394 
1754 
5393 
7535 
1 
6071 
6244 
6646 
426 
6517 
9250 
8341 
7720 
3379 
9909 
7708 
4955 
5888 
1957 
818 
6959 
5796 
2770 
77 
1608 
7297 
789 
533 
6450 
1341 
2363 
3576 
513 
9945 
3614 
4557 
2452 
5647 
957 
7609 
4942 
7192 
2600 
2617 
4390 
8849 
9923 
1955 
3628 
9835 
8681 
9353 
2723 
7291 
9385 
5827 
51 
4419 
7707 
6794 
4877 
2931 
856 
3694 
3748 
2090 
4914 
9645 
3936 
2114 
8084 
8971 
285 
1072 
6219 
3075 
92 
4960 
1633 
1794 
2794 
8595 
5150 
709 
9068 
1903 
175 
188 
713 
2588 
540 
3997 
5237 
5353 
2164 
5577 
4661 
186 
7185 
9141 
7546 
2914 
8726 
9747 
3180 
3699 
4909 
6314 
8000 
4860 
6904 
1202 
4203 
944 
755 
5769 
225 
709 
7290 
2536 
205 
5740 
1009 
1698 
2404 
2476 
1669 
1780 
2811 
331 
6402 
1340 
8144 
640 
4184 
8336 
7878 
6221 
1647 
7854 
774 
6316 
198 
8380 
1355 
6038 
4722 
6316 
1116 
8307 
7791 
4841 
3181 
8212 
8654 
3709 
6274 
1331 
11 
4461 
3788 
6627 
4989 
6553 
5766 
3470 
3963 
5723 
2472 
1302 
5683 
6221 
5499 
6287 
9319 
4945 
237 
4843 
7848 
592 
5286 
5133 
5221 
7683 
9940 
3554 
9474 
8526 
6234 
8234 
5057 
5654 
9779 
1034 
7014 
4457 
498 
4648 
889 
6915 
2685 
3488 
1085 
3189 
1305 
8180 
4335 
6331 
224 
221 
9896 
2382 
3838 
6597 
4198 
185 
2398 
3027 
323 
979 
1331 
4932 
9929 
6650 
3508 
7391 
4626 
8819 
6548 
3673 
1385 
8696 
2852 
3351 
5775 
2353 
4591 
6522 
7122 
9395 
5437 
9398 
4034 
28 
7998 
9498 
3388 
8756 
2706 
7443 
4615 
1395 
6273 
7782 
1429 
1918 
7158 
9094 
3373 
2356 
8783 
3690 
6844 
1804 
8676 
3809 
7918 
3654 
4003 
5581 
1372 
3173 
7136 
3283 
6464 
8478 
8739 
2843 
9347 
5628 
4664 
2486 
2494 
7911 
1000 
9436 
8503 
2744 
6259 
3710 
3175 
2094 
7447 
336 
2389 
4207 
7094 
3174 
462 
6791 
6837 
6354 
7342 
6313 
5087 
1766 
4858 
2566 
9918 
5054 
5680 
9576 
3744 
557 
1959 
8436 
2735 
3357 
9970 
9924 
1126 
4105 
6602 
4599 
4697 
4089 
3752 
5010 
8694 
7155 
5953 
5996 
3123 
1284 
7725 
8761 
1430 
4488 
4004 
5065 
9753 
6269 
2029 
4891 
4269 
1947 
9665 
8223 
6607 
394 
880 
3627 
9274 
2156 
8995 
4233 
3823 
4009 
3011 
187 
9982 
7502 
6408 
4056 
2381 
7506 
6494 
1459 
827 
4641 
4388 
6505 
2283 
2848 
4323 
4583 
7394 
7244 
8648 
2755 
2056 
6983 
6794 
982 
7210 
2361 
5712 
9882 
5975 
76 
1720 
2784 
6047 
2269 
8026 
9367 
5648 
7817 
6970 
1564 
717 
8444 
8964 
7036 
4272 
743 
5028 
6531 
924 
100 
2067 
56 
4670 
651 
6200 
764 
6780 
6969 
667 
7571 
3486 
6266 
5792 
3564 
6272 
3516 
935 
9086 
3622 
8483 
5435 
9739 
4917 
7660 
5855 
7639 
2164 
1283 
1827 
8772 
2500 
7387 
8418 
7227 
3433 
3211 
549 
8712 
5117 
6613 
5969 
4411 
6347 
2014 
9033 
2810 
5509 
3168 
7112 
2201 
2562 
2031 
5880 
1519 
7790 
633 
9918 
5595 
1081 
5334 
2200 
5973 
7677 
3534 
1077 
2308 
3896 
2881 
1007 
7044 
4096 
8490 
5116 
5027 
8391 
6243 
717 
765 
917 
4863 
1824 
8231 
4957 
3202 
9605 
4962 
4497 
610 
7232 
4110 
1688 
9607 
7107 
4271 
2301 
9552 
2616 
1472 
8259 
8758 
2152 
4060 
8503 
5728 
2444 
9037 
5175 
3978 
1922 
538 
9287 
3993 
1647 
8099 
5232 
7441 
8694 
5634 
8017 
8834 
6244 
556 
2991 
8545 
8700 
3047 
1117 
9394 
159 
9304 
6247 
9947 
4234 
1604 
8789 
9400 
6561 
7248 
912 
3153 
5327 
523 
207 
7981 
78 
7966 
3883 
8080 
4752 
1194 
5233 
549 
2883 
9051 
6906 
5207 
9101 
5360 
1926 
3350 
1872 
3456 
9519 
4575 
8140 
8466 
261 
9805 
4928 
3948 
620 
3413 
6038 
6000 
5479 
5634 
807 
1152 
2185 
6880 
9569 
219 
7355 
2451 
5950 
1024 
5783 
7797 
4795 
3674 
9686 
2346 
8348 
3929 
6795 
2799 
1974 
9623 
9358 
1871 
3928 
5061 
6643 
3999 
9886 
7208 
2404 
4657 
9773 
7096 
163 
100 
3498 
4189 
7105 
9944 
4574 
529 
9960 
6245 
4608 
3171 
4351 
7880 
2392 
9781 
8600 
9111 
2865 
8653 
4372 
6491 
8291 
5125 
7004 
6514 
5513 
6722 
5569 
5057 
2935 
2993 
7562 
6084 
5954 
334 
3612 
468 
7870 
5657 
5708 
5871 
6908 
4295 
758 
6838 
1987 
3257 
9532 
8100 
5184 
7533 
6059 
7929 
3225 
6262 
5270 
2084 
4618 
9675 
5913 
9018 
2303 
45 
7510 
9621 
4701 
6330 
9059 
9415 
8344 
6503 
8880 
4003 
6335 
2459 
1646 
4268 
4390 
9933 
1407 
306 
8693 
525 
6531 
8013 
1305 
9392 
7838 
5822 
479 
6944 
3003 
2621 
3089 
1084 
2955 
6552 
7650 
3947 
7053 
8135 
2935 
7239 
7994 
8159 
2176 
2894 
5388 
7637 
5016 
8414 
2298 
4989 
7328 
1626 
9285 
4552 
6097 
3471 
9309 
7816 
9361 
6412 
7196 
4404 
5851 
4856 
5034 
1741 
619 
5924 
9862 
587 
5763 
9247 
9099 
231 
4059 
818 
6615 
1808 
7201 
8660 
3078 
8735 
8850 
3113 
5529 
4977 
7748 
4419 
1266 
690 
2824 
7855 
5734 
6119 
156 
1739 
6041 
7678 
8707 
1641 
2613 
6002 
866 
4322 
8170 
1106 
9605 
2228 
6306 
9254 
6272 
1082 
1685 
5385 
6539 
1994 
5566 
4603 
4581 
1502 
7871 
9487 
4412 
543 
1306 
5304 
5979 
8441 
3273 
1515 
1226 
4452 
4374 
22 
6352 
6505 
6551 
3358 
8694 
6285 
7184 
2871 
6203 
4488 
6102 
4013 
6161 
8501 
3175 
6784 
5494 
756 
1372 
7119 
9892 
4326 
6752 
8230 
8992 
3221 
321 
4605 
9330 
8890 
3335 
1217 
57 
5651 
2324 
913 
331 
7084 
4190 
6868 
9252 
4107 
264 
7776 
4696 
1864 
3432 
1220 
967 
8559 
1150 
5442 
5082 
2851 
832 
5708 
1340 
9272 
7192 
1044 
2304 
6759 
4031 
9727 
9670 
2380 
8829 
8421 
1004 
6353 
3523 
8048 
5339 
9455 
4932 
3225 
5510 
6422 
2747 
7195 
9638 
4510 
4975 
2909 
7260 
6981 
4104 
3379 
6476 
6575 
9526 
4794 
8315 
4251 
1911 
7085 
6536 
6980 
8680 
3726 
1090 
4234 
4714 
836 
7624 
4827 
1584 
8175 
8805 
8999 
9273 
4558 
7347 
9675 
16 
8334 
997 
6331 
3238 
2844 
2521 
2710 
1119 
5186 
7976 
4918 
2664 
4773 
3529 
5126 
6628 
5558 
4179 
949 
1246 
619 
5181 
2880 
1861 
2450 
2876 
721 
3646 
3958 
3571 
618 
9208 
3260 
8077 
2580 
6990 
546 
76 
8709 
8327 
3479 
2269 
8688 
9269 
3593 
885 
4617 
2433 
1196 
8872 
5887 
9556 
7175 
1351 
116 
2709 
1126 
2901 
8708 
3121 
7209 
3019 
9076 
9320 
9269 
4863 
1158 
8558 
5870 
158 
7272 
4783 
8392 
3404 
7673 
8887 
3336 
9089 
427 
37 
3439 
7512 
406 
7285 
4751 
9950 
7828 
8043 
2026 
7691 
4070 
4389 
1576 
9782 
9570 
9865 
8419 
1620 
9943 
50 
5899 
9746 
2014 
8265 
9046 
4755 
1114 
4390 
755 
8140 
7881 
4501 
5734 
289 
342 
5732 
8459 
9264 
3404 
9373 
3184 
6284 
1803 
8088 
5278 
2816 
1440 
647 
83 
3042 
8352 
1211 
428 
7875 
9064 
496 
6268 
2464 
2997 
9933 
2996 
1798 
7258 
3989 
2573 
1394 
4049 
5257 
7715 
5358 
4134 
4385 
3354 
5245 
9281 
1547 
3027 
9839 
8877 
4237 
2128 
9921 
4576 
7201 
6389 
7856 
7082 
7914 
8324 
6660 
8935 
5465 
4829 
5478 
86 
6653 
7060 
7705 
4409 
7297 
6982 
8974 
8154 
502 
4794 
7980 
9950 
5979 
5979 
4256 
2981 
9895 
3717 
6933 
1093 
8 
9573 
8622 
6542 
5281 
526 
535 
3058 
4829 
2318 
1674 
9691 
9529 
5571 
5573 
7115 
6923 
5458 
3799 
6356 
9166 
10 
6874 
6427 
7648 
2508 
9497 
8779 
5769 
1897 
2385 
2266 
6844 
7304 
2470 
2685 
6285 
8799 
1578 
4192 
1162 
5286 
5268 
9118 
9587 
3178 
2301 
2089 
1499 
1855 
8594 
1249 
3721 
1455 
5294 
8417 
6803 
7057 
4976 
9651 
2668 
7556 
5402 
7557 
3905 
9621 
2957 
5922 
8582 
457 
2497 
3370 
3315 
7204 
7654 
3236 
6096 
6028 
5202 
8701 
3352 
507 
6512 
2758 
2978 
6500 
5639 
3217 
2270 
456 
8797 
5920 
4163 
699 
1275 
1139 
3371 
3684 
8473 
6232 
1138 
5334 
3527 
1800 
4762 
5532 
7953 
5393 
1947 
6769 
5062 
1424 
6413 
2908 
9008 
7723 
4938 
7289 
2653 
3939 
3459 
7640 
4718 
4057 
2280 
2754 
8791 
9185 
6613 
4373 
6114 
8878 
3648 
5338 
2733 
9616 
871 
3261 
4716 
3117 
2242 
6393 
5826 
3436 
83 
301 
8355 
5077 
5527 
3359 
9122 
9081 
1898 
4767 
9565 
6884 
4402 
9516 
1800 
9079 
4595 
5582 
9445 
6504 
632 
1234 
3389 
5382 
6256 
8568 
293 
1106 
8042 
9542 
5806 
258 
2151 
2930 
8185 
1248 
5299 
5942 
4931 
6529 
1124 
6172 
4053 
1059 
3170 
7929 
9415 
7288 
259 
4645 
1620 
7420 
8621 
673 
3751 
9920 
7104 
9926 
1460 
5457 
5075 
5618 
7655 
6173 
959 
9885 
7816 
5208 
2089 
8944 
5301 
4958 
9081 
64 
1383 
4856 
6825 
1099 
3119 
3900 
8078 
8634 
9129 
4407 
7982 
3281 
9807 
1146 
2075 
5115 
8109 
4951 
3654 
2393 
5121 
5844 
7747 
9396 
5655 
6379 
7883 
5643 
8434 
8284 
2616 
2443 
356 
7183 
6536 
6961 
4771 
9051 
3293 
8708 
8122 
4033 
5815 
8100 
7303 
835 
3916 
3892 
4811 
4343 
6775 
2757 
7480 
1992 
2849 
4298 
6343 
270 
6697 
2974 
5067 
5911 
1008 
8066 
4700 
7365 
3268 
3191 
8636 
6766 
5499 
3608 
6986 
235 
6001 
1135 
6092 
3271 
6844 
4531 
6910 
8366 
106 
6593 
2172 
7512 
981 
4482 
4090 
5012 
9605 
1920 
4578 
6157 
2774 
3833 
89 
4467 
4463 
4885 
2434 
7912 
2011 
1 
2583 
3156 
5808 
3853 
4858 
1406 
7822 
1185 
5813 
3011 
5681 
6361 
3144 
648 
8344 
134 
5870 
8681 
3010 
4838 
3694 
826 
8913 
8331 
7965 
7726 
537 
7464 
4596 
4657 
3083 
1123 
9539 
9522 
2585 
405 
8140 
738 
9265 
7745 
9680 
6702 
6449 
244 
8299 
7662 
5732 
3951 
1096 
620 
8620 
6323 
1781 
5865 
8052 
8843 
6986 
8346 
2124 
4989 
327 
4420 
4797 
5432 
71 
6143 
9472 
5136 
1245 
4367 
6948 
7003 
2508 
4197 
4509 
6557 
8891 
4655 
2515 
645 
3959 
4658 
7181 
586 
7537 
2243 
4877 
795 
7225 
4074 
397 
8516 
4438 
2225 
811 
2094 
9875 
6732 
9913 
2078 
2764 
9425 
7360 
7346 
5221 
8346 
7637 
1575 
62 
1745 
7197 
9248 
6415 
7861 
7049 
3173 
5747 
1315 
7563 
375 
3759 
3639 
5368 
6208 
2735 
5578 
5328 
2331 
9661 
1059 
4837 
19 
1220 
1985 
3287 
4291 
2193 
7919 
324 
4212 
7503 
858 
9854 
6220 
7141 
4229 
1187 
5295 
1340 
5126 
3755 
1812 
5799 
7201 
9727 
8517 
5513 
3093 
9227 
874 
7417 
9258 
2931 
3028 
3450 
137 
200 
4707 
5635 
4568 
7261 
5703 
3299 
8514 
2326 
3814 
8011 
5558 
4586 
3948 
6339 
9379 
8642 
638 
2279 
1145 
9674 
6528 
2604 
316 
4842 
861 
9281 
6903 
9520 
8722 
72 
9410 
4916 
475 
1636 
1475 
5970 
7459 
8758 
6790 
3319 
2151 
2246 
6411 
8645 
2976 
4909 
4094 
255 
6697 
2029 
2290 
2479 
6248 
8303 
7734 
6940 
2079 
8441 
6856 
1064 
1045 
5573 
65 
3053 
4756 
7887 
6815 
9744 
9468 
8016 
5821 
8516 
6120 
2297 
6204 
3736 
8834 
676 
934 
2828 
7642 
4629 
7953 
589 
9885 
9406 
6071 
1501 
4157 
8133 
9649 
1931 
5946 
5041 
5058 
3431 
4291 
289 
3151 
3222 
6279 
8991 
9398 
1223 
7166 
4323 
4277 
3894 
5266 
3492 
7869 
5360 
8976 
3173 
2445 
8668 
6592 
1866 
327 
3787 
4363 
8491 
4665 
3378 
2007 
8628 
9740 
4141 
9996 
1404 
146 
4463 
5357 
3150 
4817 
7691 
4565 
3545 
6238 
2346 
9373 
7053 
7481 
9357 
4890 
4794 
1271 
6605 
5931 
7448 
1541 
4862 
7709 
9501 
9039 
5813 
5326 
9320 
5414 
2330 
4802 
9327 
362 
193 
3854 
1130 
6050 
9227 
6238 
5324 
2886 
5682 
1423 
1599 
2977 
2922 
5247 
1334 
9345 
3101 
943 
80 
8328 
6009 
4647 
8027 
985 
7856 
2290 
6290 
3165 
2882 
6851 
5473 
9014 
6529 
3111 
7972 
9671 
8672 
3950 
3953 
7836 
6890 
6248 
8684 
6704 
6844 
8495 
8763 
8169 
2667 
2572 
5237 
2825 
1629 
4121 
3568 
4024 
6722 
3963 
4569 
5557 
429 
8397 
4207 
6808 
8541 
9147 
9483 
545 
2295 
4496 
29 
3695 
7440 
7559 
7583 
1651 
4656 
2922 
7111 
2677 
1541 
64 
3447 
3984 
6905 
8007 
7943 
3687 
6128 
9943 
6084 
1441 
3371 
8746 
3609 
781 
4457 
988 
4827 
3990 
5866 
4730 
6749 
5201 
3059 
699 
5472 
4541 
8149 
9410 
2617 
9133 
7856 
2644 
6935 
4665 
2570 
8499 
9308 
3712 
2978 
932 
9184 
8819 
6854 
29 
5921 
347 
248 
3307 
1461 
188 
1272 
9394 
7054 
10 
606 
426 
3966 
3643 
9195 
1763 
3158 
8232 
4112 
8397 
4813 
2545 
2255 
2446 
7215 
4968 
2749 
2111 
5134 
5937 
7554 
8826 
1337 
3928 
8515 
8997 
1452 
2573 
2507 
5585 
3639 
986 
7122 
3423 
5306 
8489 
1042 
6474 
8435 
3650 
1670 
1194 
2008 
8579 
1618 
2831 
5045 
4919 
6138 
1803 
7253 
6064 
1236 
9313 
2023 
5395 
256 
3377 
9191 
5480 
1258 
5973 
8185 
2167 
7694 
538 
4641 
3153 
5292 
4135 
8074 
8675 
1903 
9602 
523 
9733 
7793 
2379 
7364 
9425 
1492 
3031 
8187 
3505 
7031 
4919 
7763 
4859 
1883 
5725 
3459 
9298 
5970 
5460 
8591 
4550 
3558 
5961 
6389 
3106 
9546 
3320 
4643 
436 
996 
5372 
6022 
2593 
6783 
5791 
370 
5216 
1845 
2951 
8735 
9731 
7510 
8009 
3923 
1984 
6847 
6877 
7821 
6635 
105 
4848 
1031 
1779 
8565 
2419 
3266 
5997 
4908 
4274 
1240 
1565 
1930 
1652 
9855 
1378 
8424 
4336 
1409 
2404 
5455 
8547 
3869 
474 
6964 
8781 
6524 
6983 
2731 
5387 
6053 
4420 
5918 
6093 
2378 
1065 
4385 
2454 
8185 
7573 
3721 
3343 
219 
5962 
545 
1592 
702 
9795 
5486 
2133 
5331 
2418 
9469 
6219 
2462 
5244 
9765 
1426 
8877 
1100 
6994 
1934 
8134 
6617 
6297 
4330 
4839 
2185 
6281 
7946 
6926 
6928 
9933 
1656 
3179 
5667 
3033 
4795 
8421 
1912 
9441 
1843 
4720 
9503 
8848 
3547 
2739 
4376 
3211 
2812 
944 
1254 
9058 
9965 
350 
532 
5901 
7507 
2917 
7224 
7549 
2847 
6351 
2875 
7405 
4690 
300 
7552 
2431 
5936 
1241 
176 
8138 
6572 
2595 
5821 
5113 
2303 
2758 
2667 
5415 
7620 
5186 
7120 
1498 
1833 
9426 
781 
8836 
1117 
2993 
4076 
3625 
788 
9539 
4238 
4477 
4410 
5976 
3065 
2604 
7777 
6339 
7486 
9866 
908 
1386 
8780 
6185 
4735 
5483 
7109 
6017 
5218 
9561 
2184 
3393 
2000 
4344 
4384 
6900 
8321 
5687 
7181 
7543 
1069 
9514 
8169 
8671 
8579 
7898 
2071 
6554 
7133 
9375 
3814 
1327 
8428 
8475 
7568 
1185 
8400 
5587 
7495 
2957 
4647 
6434 
8878 
9544 
2970 
499 
8232 
786 
9731 
8181 
488 
6756 
2501 
8115 
8213 
5036 
4920 
4287 
6023 
6781 
4460 
309 
2744 
3743 
3795 
3402 
74 
3007 
9367 
2335 
8499 
7624 
3688 
6203 
6208 
328 
1467 
9443 
4757 
1843 
886 
1561 
4002 
3913 
8968 
4711 
5060 
6513 
6822 
5606 
9044 
8310 
1654 
9189 
8804 
7015 
9297 
1638 
2771 
4900 
1262 
8779 
203 
4148 
275 
3721 
2589 
8436 
1082 
8044 
5385 
9577 
7048 
6422 
7282 
5264 
7950 
2573 
8081 
2459 
9674 
1182 
4526 
320 
2713 
1201 
2918 
4843 
3788 
8915 
6108 
287 
3366 
3813 
751 
6783 
1200 
8703 
764 
4250 
8720 
5020 
2351 
6178 
4976 
7710 
6417 
274 
8312 
7290 
5108 
7418 
2816 
4936 
8483 
9393 
2548 
9552 
6784 
8539 
5105 
2607 
197 
3131 
7596 
6183 
6518 
8651 
699 
4980 
8937 
1677 
6237 
3146 
2377 
3456 
6195 
4190 
3790 
773 
4698 
6615 
3791 
4339 
755 
7782 
7298 
1191 
180 
3986 
3400 
5057 
3087 
6104 
6223 
5262 
9115 
9993 
5178 
8695 
252 
6185 
5511 
1410 
2884 
3724 
1129 
2232 
115 
9393 
4275 
4812 
5456 
4930 
9012 
38 
1967 
6026 
390 
1972 
3040 
710 
2090 
3932 
9762 
5777 
6915 
6527 
4968 
8362 
2525 
4653 
7492 
6606 
7896 
5038 
9394 
6201 
6956 
7377 
9957 
1547 
6356 
6948 
6080 
8618 
5490 
1024 
4066 
3258 
7587 
9296 
8824 
9209 
6717 
5178 
1964 
8534 
5634 
7214 
8993 
3858 
1835 
9581 
7693 
8194 
5577 
1643 
1177 
4421 
4811 
6867 
2134 
115 
4155 
4720 
5556 
8115 
6596 
7424 
7875 
9281 
5735 
2181 
4276 
8436 
2093 
7909 
1476 
6653 
4704 
4255 
6830 
666 
8850 
5054 
3851 
1488 
609 
7115 
8847 
3322 
7525 
3991 
9917 
3468 
8832 
6861 
6832 
9269 
4143 
2563 
6426 
7066 
7806 
3265 
9126 
4446 
2661 
902 
7105 
4691 
1543 
513 
5877 
4604 
7103 
7393 
605 
2854 
392 
2278 
2448 
5501 
7399 
1422 
8133 
2305 
1134 
7526 
8699 
3532 
1029 
2511 
7895 
5391 
2972 
3621 
8565 
6462 
8018 
9238 
72 
5435 
2692 
4781 
7333 
3194 
2313 
3110 
1567 
1116 
3085 
8443 
9512 
7751 
6209 
9966 
2361 
9895 
7421 
1531 
6367 
599 
9926 
3521 
6237 
2913 
8338 
7006 
3886 
4769 
181 
4141 
8421 
1561 
6359 
6550 
2143 
9600 
6258 
5839 
1296 
544 
9221 
8056 
6417 
712 
4960 
4377 
5525 
9303 
6747 
7528 
8313 
7662 
773 
2791 
2342 
5922 
1362 
4379 
8021 
2360 
4386 
1664 
4258 
6477 
6093 
1556 
6403 
6039 
9711 
1758 
6246 
1821 
9829 
6302 
4973 
9248 
7778 
5766 
4421 
5583 
21 
1430 
6824 
9101 
2556 
6398 
7024 
7385 
4040 
6584 
7977 
6703 
5836 
4120 
193 
3156 
1022 
7573 
3704 
8690 
4166 
2231 
9816 
752 
4118 
1364 
6252 
9573 
8873 
44 
7927 
2459 
7437 
8966 
2495 
9221 
602 
2220 
1449 
4466 
5589 
1570 
9605 
2539 
2830 
6569 
5741 
6194 
4439 
340 
5211 
2588 
2947 
9483 
1238 
623 
3664 
4172 
8548 
3266 
641 
3706 
5195 
7325 
6391 
5646 
5181 
7993 
4891 
3316 
5998 
8532 
1112 
4874 
3268 
6081 
7183 
691 
3489 
5819 
867 
395 
3905 
6075 
332 
4998 
6746 
9030 
2920 
300 
8785 
7392 
3865 
5308 
3500 
5618 
5732 
3485 
4812 
2788 
5071 
6343 
4327 
8010 
7616 
1019 
7278 
8196 
7762 
8176 
1501 
9088 
5644 
2928 
2499 
208 
3975 
7456 
9025 
8837 
9347 
7445 
2280 
9783 
7374 
5617 
1206 
3430 
1227 
4335 
7655 
2370 
8094 
1018 
6263 
4763 
5227 
8630 
2244 
1379 
8016 
8236 
489 
5079 
9563 
9634 
2001 
3252 
7938 
1009 
5097 
17 
7708 
5064 
1527 
5417 
7152 
2569 
9899 
2409 
4487 
9260 
5143 
9591 
3971 
7246 
7235 
1190 
3588 
6994 
7215 
7433 
958 
5139 
2886 
855 
5664 
3015 
6818 
8975 
6552 
8752 
9821 
9740 
2384 
6045 
6726 
5796 
5200 
7798 
1211 
9962 
3844 
6293 
225 
6247 
1024 
8088 
7269 
9392 
7380 
1978 
1829 
7397 
6132 
2706 
3763 
1293 
8893 
6808 
1928 
6836 
2145 
3883 
5420 
5264 
1544 
3737 
9819 
1902 
5198 
1884 
4047 
6259 
7589 
5076 
9355 
3220 
9085 
4601 
486 
8591 
7590 
7902 
1779 
130 
6153 
4390 
497 
141 
5621 
2950 
4905 
7875 
4943 
6094 
4125 
1625 
6102 
1064 
2569 
5815 
6323 
3112 
4797 
6 
2194 
8514 
6756 
1107 
7041 
3082 
1835 
5872 
9428 
5986 
1326 
7184 
4419 
3012 
9675 
4567 
8552 
1443 
7885 
5147 
5997 
1420 
9610 
3278 
4410 
2700 
6239 
9765 
9403 
2361 
7875 
5667 
6184 
4015 
1498 
4321 
6536 
7331 
8959 
7624 
5900 
9200 
5899 
2270 
3544 
3438 
1861 
9953 
238 
8396 
7796 
2577 
7853 
8576 
6574 
9873 
4306 
7745 
4727 
4019 
4772 
8746 
1899 
2683 
8136 
2851 
2911 
6736 
1409 
8693 
4105 
5532 
8045 
3688 
871 
4636 
1151 
8120 
8928 
3601 
3793 
4596 
0 
5851 
9973 
1482 
3749 
3717 
8421 
6638 
7129 
4944 
7346 
9777 
3111 
9381 
5649 
8548 
317 
7563 
1595 
6205 
4870 
9767 
4903 
288 
5672 
9438 
5077 
6359 
6017 
4109 
8458 
1364 
4824 
8808 
9377 
6651 
2514 
7222 
8984 
4179 
261 
9352 
374 
3132 
9662 
4334 
7682 
2667 
2169 
1061 
1830 
934 
4094 
9919 
4967 
3457 
1015 
5881 
1642 
8729 
4100 
711 
826 
9669 
1475 
7036 
707 
1537 
9416 
3894 
1538 
6575 
8097 
3596 
7776 
36 
6060 
7042 
2060 
1021 
3158 
7664 
2823 
4547 
6398 
2138 
4624 
618 
2013 
2536 
4350 
7534 
9510 
1444 
5207 
7539 
3384 
6630 
819 
815 
6424 
7062 
6758 
5760 
3888 
2169 
8195 
7047 
4543 
6743 
7269 
9197 
1028 
7143 
7645 
2877 
5305 
1150 
5702 
4827 
5208 
5593 
2590 
3279 
6470 
7117 
509 
3003 
7583 
1264 
2777 
3553 
6771 
7769 
2434 
1400 
9861 
2198 
4251 
2389 
2650 
5341 
4886 
4108 
7217 
3132 
8342 
2640 
2194 
5273 
513 
22 
5537 
6063 
3658 
943 
9921 
5150 
4350 
6944 
4826 
3328 
5683 
3748 
6424 
8135 
4869 
5589 
9836 
4278 
7222 
5208 
6269 
312 
170 
1229 
62 
1273 
7856 
8812 
8431 
6979 
862 
702 
6272 
1944 
563 
9726 
3757 
1919 
7542 
5231 
937 
444 
5175 
5124 
3046 
7566 
9946 
2824 
1030 
1485 
8719 
7991 
5924 
3374 
9895 
2917 
5901 
361 
962 
5280 
2062 
2525 
8065 
1396 
9558 
3385 
2077 
949 
6847 
1718 
4681 
3082 
604 
2839 
134 
2636 
1585 
2812 
6869 
2915 
8532 
1158 
1538 
2963 
1699 
5270 
6916 
7029 
8773 
1006 
3185 
1492 
6779 
3273 
1761 
8937 
9772 
7207 
2816 
6115 
623 
6346 
3372 
6705 
2891 
7347 
9051 
9688 
9629 
5628 
2290 
1678 
4288 
4423 
5383 
4645 
2204 
1190 
9348 
2934 
3001 
1644 
9260 
5253 
2843 
5322 
887 
4534 
8157 
7598 
1828 
1081 
1529 
6764 
3227 
2413 
8332 
1659 
1971 
1240 
9023 
3757 
7082 
931 
7448 
5296 
7301 
8137 
3873 
329 
1376 
8695 
501 
6568 
1010 
8421 
9892 
359 
156 
9019 
2835 
4246 
7953 
7601 
777 
5042 
6578 
2495 
1587 
3163 
1446 
6162 
3211 
7237 
7832 
1091 
2898 
8201 
1717 
9365 
6181 
5566 
9846 
3940 
9167 
5310 
3183 
1632 
2353 
4758 
1368 
5344 
2974 
616 
7065 
8858 
8594 
5754 
8337 
2402 
6656 
8593 
874 
8333 
3724 
3884 
4629 
7075 
3573 
1427 
64 
6050 
3088 
3019 
9149 
4404 
5697 
8992 
6662 
4992 
8818 
126 
5756 
9549 
385 
1328 
8930 
8946 
6485 
6821 
5273 
2506 
8856 
5436 
6129 
6480 
222 
9383 
1277 
381 
6879 
8804 
1579 
6686 
1462 
4338 
6572 
3277 
7609 
9994 
1842 
9033 
3805 
5749 
1293 
3190 
7171 
3209 
8930 
1724 
7965 
9488 
5684 
8777 
6135 
6776 
7939 
2345 
3801 
9850 
9791 
4986 
1611 
3984 
2917 
501 
3562 
4929 
2983 
6272 
2422 
5413 
4595 
4562 
8594 
7813 
4659 
2383 
6091 
8129 
3151 
5273 
3954 
2569 
5711 
5066 
522 
2871 
7255 
6817 
3203 
6159 
6575 
1063 
5393 
8186 
8836 
5365 
5848 
6891 
6694 
4495 
9285 
228 
4242 
4374 
5000 
6860 
5583 
484 
6104 
8320 
4839 
4676 
4123 
9534 
9278 
1371 
8624 
3437 
3287 
3218 
8258 
6535 
208 
881 
9629 
9458 
3480 
8949 
6216 
3542 
9723 
1864 
3986 
2965 
5608 
4190 
5078 
4670 
1763 
1185 
1451 
9111 
4339 
588 
3685 
2999 
8062 
4968 
2183 
3446 
2679 
3608 
9477 
1959 
937 
3369 
9285 
3753 
6194 
2895 
6454 
5414 
1616 
1883 
8649 
6622 
9956 
4081 
2781 
6220 
7463 
8687 
4081 
6090 
1424 
2907 
1218 
5162 
7713 
8263 
7848 
8057 
3203 
8237 
6804 
2653 
6641 
7054 
9031 
5337 
4300 
878 
8772 
2767 
4066 
701 
4728 
7925 
7221 
2008 
3237 
8350 
5850 
9983 
3792 
8044 
5005 
3293 
3248 
4106 
63 
4771 
8963 
3637 
8631 
1182 
7654 
7324 
3364 
5241 
8464 
2377 
935 
4022 
3939 
5508 
3476 
2936 
1361 
7521 
6175 
6808 
3527 
9328 
9401 
987 
6974 
1574 
6865 
9775 
1950 
5175 
598 
1897 
6902 
4701 
4792 
9603 
9272 
3519 
3829 
2880 
7196 
4536 
5500 
5810 
7159 
8703 
8793 
4417 
3051 
9744 
9197 
174 
523 
301 
9448 
3665 
3130 
1086 
2257 
958 
7047 
9149 
2068 
1019 
3747 
9743 
358 
4804 
2128 
5790 
9654 
6955 
6423 
9099 
6713 
9955 
6574 
110 
902 
2149 
3531 
9308 
3342 
4047 
5823 
508 
7112 
5643 
3619 
9864 
3151 
2708 
3032 
3822 
5177 
8364 
6156 
2294 
7872 
3150 
7741 
8548 
2646 
6003 
6027 
2106 
4288 
9366 
8458 
6798 
800 
9572 
357 
7589 
8922 
4636 
832 
5143 
1348 
9132 
1612 
4816 
6770 
2876 
8758 
3852 
2918 
2155 
651 
3790 
482 
208 
9375 
1304 
1465 
2856 
237 
5204 
1103 
4081 
1371 
5650 
9035 
3267 
8657 
9420 
3497 
6062 
2929 
19 
8309 
1119 
7736 
2655 
4563 
5316 
639 
5538 
1841 
6541 
3986 
2877 
5256 
1353 
63 
9544 
9263 
278 
1892 
1386 
264 
419 
5702 
3276 
7337 
3691 
7525 
3311 
882 
4651 
511 
5579 
8186 
7828 
6928 
3908 
7413 
5721 
2808 
2565 
157 
1118 
2002 
5335 
2134 
3746 
9935 
6063 
2647 
530 
4209 
6863 
4263 
6041 
3015 
7409 
8854 
3423 
6899 
1624 
6857 
7871 
6660 
3082 
7427 
3237 
5515 
1530 
1351 
879 
168 
7626 
7993 
6105 
7996 
4429 
9423 
5257 
6551 
2829 
6350 
6169 
4570 
2860 
1897 
4689 
3247 
4958 
4474 
6796 
4418 
8628 
2575 
6851 
5164 
4033 
9237 
1629 
8830 
4974 
6432 
9954 
7423 
2215 
3831 
4424 
5562 
5867 
201 
1870 
3038 
2530 
1598 
1037 
3819 
7568 
4450 
3977 
7590 
8545 
8356 
6074 
5615 
6350 
9162 
5754 
8223 
3792 
9022 
3027 
2611 
27 
5836 
3114 
7843 
1007 
4139 
5206 
524 
9816 
8292 
8167 
8814 
7468 
1159 
5203 
4702 
6655 
2459 
3861 
9207 
5160 
7335 
5031 
4520 
8632 
8251 
9943 
1699 
6184 
9725 
4807 
8872 
3559 
269 
8352 
6712 
2550 
2225 
5486 
2436 
3574 
8060 
3167 
6892 
5782 
7906 
4843 
3117 
6104 
2179 
9415 
2058 
5634 
6046 
7425 
9804 
8345 
2266 
4972 
4676 
198 
9298 
6869 
1262 
1827 
1053 
7747 
1391 
2351 
6314 
8940 
9574 
3126 
4558 
9893 
187 
4596 
560 
2210 
3166 
3104 
3438 
36 
6493 
7933 
8161 
5687 
8502 
8094 
476 
795 
5398 
3300 
7677 
4854 
4 
5807 
150 
7008 
1959 
3090 
6910 
8422 
4766 
6576 
4424 
8638 
2289 
9012 
6023 
9836 
4404 
9985 
1373 
99 
5195 
6028 
2589 
7353 
6166 
2792 
655 
740 
1809 
1594 
3194 
5370 
2803 
6198 
310 
9255 
1783 
3091 
9177 
5982 
3369 
5564 
1316 
4279 
7707 
1722 
1893 
7586 
1414 
4964 
4657 
6465 
1811 
5187 
529 
7991 
6946 
6282 
5537 
1092 
4645 
6142 
937 
3699 
9352 
8307 
9756 
8632 
6313 
7426 
8439 
5992 
3673 
3672 
7495 
1565 
4202 
622 
1455 
9134 
9964 
7521 
5984 
8433 
7472 
7698 
3411 
7000 
5635 
4526 
4398 
9990 
4403 
179 
5435 
7377 
718 
6767 
73 
2331 
2407 
1427 
177 
5255 
3535 
9840 
9408 
8756 
1223 
3513 
22 
9292 
6526 
3186 
4033 
1172 
4660 
6146 
5501 
4626 
1999 
5289 
5270 
3831 
1893 
7246 
6613 
1510 
9025 
6429 
8171 
6937 
2257 
2707 
3760 
7527 
7988 
5838 
3451 
2510 
1256 
8683 
9905 
5281 
6698 
8965 
2426 
5628 
3056 
3899 
8666 
8490 
9429 
8034 
7558 
664 
3016 
3312 
2328 
3455 
7447 
7433 
2971 
9741 
6716 
9980 
5864 
8001 
7351 
2956 
2951 
4394 
6024 
689 
8105 
7334 
6450 
6838 
9290 
9005 
3491 
8445 
7600 
2349 
4733 
9125 
756 
6264 
7957 
2968 
1397 
583 
5417 
5103 
3052 
5341 
8109 
8032 
3195 
4870 
5370 
1611 
4763 
3587 
9331 
4865 
7483 
4957 
9541 
2680 
5544 
5989 
5344 
4330 
8949 
3544 
8873 
4039 
2733 
7849 
9933 
975 
7724 
3243 
4888 
1623 
8103 
547 
8359 
406 
9799 
7995 
4552 
3062 
4038 
6453 
7962 
7951 
4153 
167 
4424 
84 
393 
4312 
894 
2728 
7654 
7638 
9888 
9075 
5460 
2917 
3205 
2495 
5835 
2100 
5154 
16 
4407 
6580 
6579 
5487 
9799 
1015 
2614 
4374 
858 
4552 
3026 
4050 
7512 
2347 
6635 
2412 
2182 
9311 
6476 
8319 
7315 
9127 
2997 
8885 
5896 
6311 
8258 
4582 
2328 
9236 
6768 
5041 
3548 
7110 
2695 
1732 
2256 
9806 
827 
7171 
8922 
3119 
7158 
1375 
325 
8153 
8430 
3952 
1648 
8850 
4861 
4299 
140 
1990 
3703 
6290 
9014 
9459 
3378 
5010 
2917 
3010 
2443 
9837 
9188 
9414 
7334 
7799 
3475 
837 
4832 
3752 
8002 
8235 
5434 
3795 
3574 
15 
9442 
324 
6522 
4655 
9825 
8218 
7519 
7970 
1091 
4552 
6200 
6053 
3812 
3362 
4069 
1782 
2219 
6128 
8309 
5410 
6984 
3186 
6508 
9171 
6691 
4307 
5967 
3936 
5293 
5514 
4580 
9033 
1201 
921 
4332 
3946 
7567 
3536 
5960 
8635 
5276 
1445 
5978 
2369 
6082 
545 
5763 
3574 
9892 
2004 
6822 
848 
6413 
8984 
6715 
4882 
2860 
6027 
4949 
2842 
5895 
89 
6645 
1835 
5163 
7557 
6098 
617 
3487 
1004 
38 
2272 
3506 
6184 
8004 
4857 
4218 
2175 
7223 
5668 
2504 
6466 
5198 
2279 
7636 
9357 
3213 
3132 
5701 
1986 
5940 
5150 
407 
2650 
2824 
4390 
3800 
3864 
9232 
1628 
2655 
8334 
384 
7436 
4267 
1937 
7136 
5238 
1163 
4786 
8897 
8374 
3113 
1158 
6992 
9780 
4607 
3043 
293 
747 
9150 
9228 
4870 
7166 
4689 
1713 
1245 
6520 
2979 
7615 
9018 
5835 
9811 
3968 
2675 
3336 
4347 
4472 
4503 
3557 
832 
7978 
6182 
1045 
6034 
262 
8222 
8183 
3833 
6246 
6235 
2483 
8076 
9862 
6438 
5973 
3496 
5067 
5245 
6592 
6090 
9234 
3817 
3302 
8913 
6749 
1702 
7294 
7746 
7857 
6695 
1844 
4563 
6723 
8389 
4295 
6219 
7788 
2845 
5634 
1776 
1158 
966 
8419 
1363 
9007 
9347 
4460 
8334 
720 
7556 
9375 
9281 
4949 
9631 
8910 
9454 
631 
8962 
3042 
7856 
5174 
6394 
0 
7374 
5771 
8680 
5266 
1907 
8568 
7313 
4656 
8098 
4538 
1200 
7422 
1548 
5697 
9965 
5011 
3636 
262 
1704 
871 
7857 
7065 
923 
5517 
9557 
6412 
6445 
6537 
7178 
3113 
572 
5508 
4862 
8219 
2647 
7742 
5687 
6006 
2851 
8098 
1765 
4415 
1898 
4168 
5966 
9044 
9046 
606 
1453 
9661 
8208 
3111 
5789 
7238 
6521 
8445 
679 
3385 
5577 
1742 
7887 
2066 
4217 
3041 
5739 
7606 
2952 
1621 
3749 
7810 
6189 
7020 
2211 
23 
8217 
9110 
2448 
3258 
9839 
2680 
8678 
8119 
8409 
6239 
1632 
9921 
3647 
5511 
8542 
3867 
8827 
7408 
8467 
3368 
3709 
6794 
8879 
6518 
6050 
8727 
7096 
68 
3658 
2987 
8667 
3079 
7615 
3132 
4494 
6893 
6272 
8271 
2652 
7542 
8825 
30 
5659 
1553 
8219 
1317 
305 
4972 
2550 
8115 
1637 
8369 
8337 
7350 
8473 
5312 
3201 
5723 
9575 
2269 
161 
3627 
4421 
9419 
3754 
730 
1678 
5199 
1556 
4579 
3560 
8070 
3556 
9712 
1975 
5650 
3538 
4764 
2457 
2213 
132 
4507 
1919 
8651 
6334 
1757 
5366 
4720 
91 
779 
1952 
1045 
5880 
4032 
2414 
4083 
7131 
961 
6030 
4140 
9486 
5305 
4746 
681 
2825 
4942 
9758 
6574 
4904 
3669 
9908 
4596 
4894 
5613 
575 
2264 
8690 
9813 
908 
9715 
2428 
8280 
4182 
2706 
5911 
6092 
9817 
443 
9655 
9876 
4246 
4794 
9256 
3775 
982 
9981 
8978 
1329 
618 
7065 
7715 
9228 
8201 
9647 
7747 
1588 
4460 
9263 
7701 
5207 
644 
3888 
8312 
3571 
1047 
6114 
128 
6177 
801 
5829 
1161 
217 
3160 
9427 
1271 
9201 
8926 
7418 
6797 
5123 
7032 
9034 
6823 
6101 
7290 
7497 
3623 
8453 
4442 
32 
5625 
7918 
2512 
5436 
6507 
855 
6563 
6361 
4919 
3330 
699 
3053 
6459 
9565 
3785 
5709 
1344 
919 
9671 
591 
7633 
3817 
6655 
8671 
3774 
5274 
5349 
1609 
4109 
585 
1904 
2628 
6848 
5407 
2587 
3191 
1852 
1814 
3344 
4673 
3932 
3726 
8639 
5751 
9433 
9728 
6715 
2350 
8706 
6421 
994 
4458 
3328 
325 
8513 
9494 
3442 
6116 
7475 
2717 
4478 
1739 
648 
764 
9840 
362 
9333 
6667 
6304 
977 
7941 
3258 
1319 
8186 
1170 
3277 
3946 
8888 
1434 
2883 
8644 
78 
7929 
128 
4369 
6938 
3121 
6318 
7588 
5212 
3385 
8307 
509 
4361 
5022 
3807 
363 
1285 
9889 
6174 
6423 
8715 
3677 
4933 
2905 
1886 
5084 
5877 
6431 
7511 
2677 
3269 
6034 
7323 
3193 
3876 
6558 
4403 
6549 
7782 
7206 
5149 
9964 
3044 
3623 
4375 
7165 
6830 
2011 
7326 
2570 
3633 
9495 
1069 
7598 
4120 
4243 
6289 
6644 
4574 
7383 
4407 
102 
5859 
182 
7075 
5355 
1775 
864 
58 
3795 
1301 
6383 
7191 
7186 
8193 
7303 
4708 
621 
