10000
4267 
1744 
5046 
999 
765 
9359 
9090 
6940 
1199 
6625 
2436 
1584 
9503 
1811 
803 
994 
8494 
372 
54 
1351 
611 
9735 
2988 
8121 
9778 
9689 
6385 
3532 
1093 
5468 
9109 
4707 
9462 
6714 
4437 
8942 
8710 
1034 
8604 
5592 
3997 
1792 
2729 
2529 
1046 
8321 
15 
8800 
9935 
1645 
5100 
7054 
321 
1095 
9797 
1873 
277 
6489 
5883 
8337 
5144 
7873 
6041 
2321 
4739 
7119 
1250 
2352 
8611 
1783 
2342 
8365 
6304 
6503 
1311 
2636 
4830 
4691 
6539 
7733 
3042 
6573 
816 
721 
7320 
4336 
4079 
9355 
760 
9633 
488 
8853 
2456 
8753 
2289 
2635 
1471 
8464 
274 
9322 
8271 
5383 
3926 
9757 
9729 
7038 
7254 
1554 
7151 
7876 
9272 
1463 
2537 
2363 
6382 
5415 
4545 
1782 
3822 
4205 
5075 
9137 
6889 
5203 
456 
315 
8103 
6819 
261 
921 
5807 
4015 
1843 
5772 
3329 
2488 
6481 
2634 
6686 
510 
6757 
1729 
4526 
395 
2817 
1859 
1899 
2137 
2519 
450 
6297 
409 
1987 
2240 
8545 
2986 
57 
6736 
6117 
9136 
8596 
6591 
3756 
739 
6482 
8852 
7408 
5693 
5737 
9441 
7997 
5720 
4597 
3986 
9656 
7311 
4166 
4753 
9197 
8706 
5299 
3641 
4335 
9722 
8914 
8079 
7277 
1931 
6124 
9460 
8638 
4278 
8539 
5417 
7968 
7273 
3509 
1947 
1975 
2721 
6567 
9184 
7903 
2777 
5183 
6560 
2646 
5951 
6409 
1007 
7656 
6094 
1730 
8709 
2979 
706 
673 
6036 
8322 
2046 
6609 
4287 
8131 
4439 
8909 
4973 
4279 
4773 
5172 
6177 
2193 
2052 
7711 
6937 
6042 
4689 
3992 
7780 
1455 
6081 
3196 
3865 
1683 
7447 
3268 
9880 
1307 
7754 
4168 
9123 
2320 
7066 
435 
4225 
5758 
9232 
6803 
7700 
8496 
5370 
891 
9416 
659 
3172 
5314 
2416 
201 
284 
1341 
6426 
5291 
3925 
2224 
8567 
1437 
4702 
8028 
9366 
9219 
1543 
9398 
2716 
8901 
5617 
7025 
6796 
1661 
5593 
9334 
2 
367 
2971 
9540 
546 
5643 
9402 
6257 
2120 
1208 
698 
7663 
649 
95 
3805 
4889 
1288 
7260 
7232 
5744 
7945 
6893 
3909 
9125 
3170 
1813 
47 
7112 
6826 
7166 
5175 
8254 
7902 
2638 
6688 
9617 
1498 
2773 
7126 
3442 
5229 
2483 
9253 
9599 
6013 
1597 
6155 
4688 
3899 
120 
4193 
3325 
3117 
7768 
4464 
8125 
9353 
6615 
7634 
7977 
2651 
9164 
8632 
494 
3297 
6894 
2959 
9673 
451 
7942 
5588 
6071 
6129 
5071 
2038 
5940 
8728 
2696 
9709 
764 
8519 
9875 
4000 
5107 
9846 
5277 
9901 
8990 
7121 
3973 
1483 
8199 
7475 
2982 
1116 
1131 
2257 
6957 
8727 
3467 
748 
5396 
2239 
7631 
4432 
2370 
6198 
6 
8261 
3027 
3286 
6346 
9262 
8978 
8571 
7437 
3679 
9754 
761 
2894 
5155 
2131 
137 
196 
3940 
6541 
6022 
45 
2311 
7625 
5179 
8684 
6818 
8462 
8752 
1123 
2958 
5455 
9493 
8873 
7306 
7987 
1698 
4765 
7237 
6660 
4621 
3188 
5714 
8554 
527 
2062 
7810 
2004 
4809 
4967 
6171 
9762 
1618 
1587 
5093 
3530 
2501 
8768 
9622 
12 
2725 
4890 
7088 
3364 
2926 
1372 
6485 
190 
1968 
9960 
1259 
3321 
1861 
1292 
6661 
1045 
8758 
8455 
548 
2263 
3855 
7791 
7453 
7366 
880 
7407 
4898 
3675 
5691 
7057 
2674 
4897 
3619 
9839 
2259 
8588 
4909 
3485 
3276 
8071 
2868 
9433 
8953 
8436 
5864 
5430 
1161 
4435 
2983 
3539 
3128 
5126 
7100 
7469 
7707 
3395 
9000 
3332 
4127 
2241 
9612 
2242 
3154 
6496 
4916 
9549 
9041 
7784 
4950 
5495 
8336 
105 
8961 
4610 
4164 
5507 
7606 
7314 
2698 
6106 
4311 
4355 
5560 
2933 
1370 
5509 
623 
6136 
2752 
9516 
1914 
5839 
1103 
6684 
3891 
888 
9982 
4436 
7281 
9631 
7651 
9339 
8218 
5817 
4695 
4751 
167 
5150 
3407 
234 
6856 
5490 
4672 
8541 
3390 
8893 
28 
7533 
700 
1862 
1656 
9946 
9187 
3718 
8735 
9849 
9734 
1897 
3088 
1734 
9384 
2434 
4568 
4562 
1398 
8878 
3800 
2264 
3600 
6620 
4587 
5123 
164 
6160 
7544 
9336 
1631 
9724 
5591 
571 
9469 
9432 
5242 
1500 
9181 
1421 
8066 
3424 
6693 
2254 
8858 
8659 
8377 
9029 
7930 
9116 
7330 
9074 
959 
6628 
6096 
3978 
9062 
7694 
8583 
5667 
2910 
3598 
1606 
7024 
2168 
5531 
7514 
1684 
156 
6456 
5313 
7776 
8586 
5605 
8772 
8811 
7446 
9213 
7885 
3449 
7055 
1080 
2811 
8429 
2631 
7974 
8289 
7883 
2697 
8508 
3782 
3150 
3867 
963 
7148 
2820 
7728 
8411 
6068 
7980 
2209 
6743 
3876 
8465 
4014 
1252 
585 
1513 
3200 
7484 
5191 
5782 
9033 
2887 
3850 
7742 
8158 
5068 
9578 
775 
9461 
8497 
741 
4930 
8093 
8618 
4223 
3515 
6112 
9409 
5742 
3562 
1086 
464 
5743 
7239 
4790 
6149 
3582 
5101 
3932 
4136 
5989 
8219 
2377 
5890 
7818 
70 
8690 
8397 
1211 
6544 
446 
2215 
1923 
7082 
7713 
1435 
610 
6782 
466 
7609 
5115 
2305 
420 
7672 
3361 
3260 
5355 
6052 
5322 
1416 
9563 
3439 
1814 
9177 
2544 
6529 
592 
9525 
6828 
4786 
3135 
2667 
9084 
7724 
65 
5642 
2219 
4195 
6053 
722 
3352 
1067 
9784 
7470 
2841 
1599 
3240 
7830 
4676 
1356 
9315 
5297 
3972 
9999 
5517 
1317 
4575 
4622 
9574 
5139 
4615 
3081 
1548 
615 
9559 
9065 
821 
4237 
1235 
5945 
2332 
4857 
4557 
9860 
3115 
7101 
3658 
7580 
8303 
4011 
4192 
1764 
3927 
1073 
8988 
6938 
8574 
8062 
5636 
2573 
8970 
17 
9014 
2036 
1196 
9716 
108 
1140 
7478 
9903 
4383 
2957 
5484 
7207 
4005 
9918 
7076 
1148 
2545 
5026 
566 
9091 
8524 
6506 
600 
8098 
3381 
9498 
3201 
2216 
9354 
2462 
1875 
7103 
638 
3737 
5825 
4123 
4928 
3854 
4065 
6203 
8900 
2931 
8388 
512 
2348 
1082 
9829 
1359 
3651 
840 
7056 
2739 
859 
3758 
846 
361 
8351 
2098 
9917 
6861 
3520 
4377 
9073 
9618 
7510 
9129 
6314 
3815 
2324 
7043 
1669 
4116 
9490 
8844 
5451 
5529 
481 
3030 
9100 
3151 
1037 
9142 
4940 
411 
3740 
6697 
829 
7415 
6857 
1982 
562 
5074 
6352 
9972 
1285 
7891 
6048 
2207 
3406 
5803 
8294 
1676 
2990 
1376 
237 
4488 
2376 
6515 
883 
556 
6020 
3028 
553 
7860 
1621 
1336 
4690 
9365 
7952 
5199 
7223 
6664 
6060 
5800 
7629 
1993 
1949 
8478 
691 
7164 
4096 
1172 
4027 
3457 
7739 
2927 
5991 
6133 
194 
77 
5719 
2744 
6259 
4361 
7896 
619 
7685 
8601 
6204 
3308 
9128 
2185 
767 
1457 
492 
6073 
71 
6190 
2175 
6776 
9765 
7622 
9543 
8207 
9016 
1035 
8323 
2350 
1033 
8381 
336 
5847 
9596 
7949 
952 
4864 
5725 
4540 
1439 
1251 
1203 
8617 
3519 
2684 
4977 
7027 
6316 
3783 
7526 
6008 
5158 
4148 
9022 
8522 
3382 
2182 
1108 
5794 
4603 
6490 
5536 
5868 
1441 
5235 
5581 
7528 
4794 
8266 
2147 
4938 
8057 
3827 
9806 
864 
1902 
5990 
2401 
3022 
8658 
5893 
1955 
3346 
7406 
6184 
6690 
6447 
1246 
2779 
7895 
7706 
7893 
1168 
9616 
171 
6602 
9998 
2720 
1497 
5169 
7132 
7765 
9984 
5576 
6090 
7078 
5660 
1774 
2976 
9601 
1298 
2457 
4232 
540 
1793 
2097 
9170 
1767 
5279 
9344 
7849 
1615 
9331 
8802 
4581 
1209 
9717 
7460 
1882 
2969 
2127 
6049 
9620 
8141 
4817 
1514 
5281 
1963 
8573 
9264 
9207 
5640 
6413 
6574 
3983 
988 
2362 
4535 
3543 
6007 
1281 
5540 
5273 
8934 
2637 
8762 
7312 
3301 
3174 
4945 
1523 
9369 
690 
342 
8711 
485 
144 
5520 
3977 
7163 
7958 
358 
9495 
1970 
9606 
3471 
6408 
3636 
2228 
5341 
5978 
3288 
1534 
7655 
3844 
8505 
1869 
364 
8198 
2129 
6058 
9357 
285 
621 
3096 
3231 
5398 
4530 
4785 
4070 
9491 
7908 
9280 
2452 
4250 
1591 
5272 
4520 
307 
4605 
9521 
8645 
1930 
4280 
4238 
2621 
8068 
7693 
8648 
5810 
4252 
5729 
8770 
4780 
4853 
3322 
8205 
5841 
3396 
4381 
889 
559 
6683 
9711 
4829 
2424 
499 
6680 
2316 
9260 
4835 
4908 
3078 
2361 
5589 
3554 
5874 
5958 
6903 
6302 
7110 
574 
524 
176 
8446 
7490 
191 
7585 
5662 
1152 
1070 
7184 
3613 
7879 
1818 
5692 
3488 
5425 
2670 
7848 
5534 
8135 
4481 
5084 
3808 
3426 
2184 
9887 
2860 
425 
3863 
1226 
4047 
9367 
8344 
7211 
3223 
393 
570 
7427 
3643 
4922 
5246 
1658 
4337 
5053 
5518 
2810 
3741 
4002 
9555 
8157 
9256 
6930 
6939 
614 
4135 
4296 
9425 
4728 
6924 
9580 
5574 
3309 
9153 
1459 
3269 
7063 
2641 
8492 
6934 
1562 
627 
8453 
5419 
6120 
2238 
2789 
8568 
3557 
601 
9122 
4957 
4173 
4453 
2895 
3556 
1865 
2596 
3650 
1224 
9650 
7016 
6719 
5985 
501 
8981 
6033 
6319 
7049 
3270 
8474 
4752 
9118 
2427 
3778 
915 
5595 
4771 
94 
5641 
9466 
431 
1691 
9017 
1688 
3213 
9064 
9146 
4665 
3961 
9911 
9171 
519 
9095 
1964 
2081 
1357 
6275 
7832 
7869 
4588 
7033 
4341 
2256 
3021 
2277 
6820 
893 
8200 
5374 
8049 
8007 
2151 
6217 
5381 
6735 
8435 
5908 
9680 
648 
1065 
6531 
3454 
545 
5526 
9958 
4986 
7604 
9140 
4442 
9961 
5433 
359 
5565 
8247 
2481 
1747 
7844 
5449 
4061 
608 
4926 
5629 
792 
6465 
5627 
7305 
469 
1950 
2918 
8739 
8816 
3263 
2829 
1321 
8433 
7294 
7747 
6873 
1628 
5551 
9791 
8885 
876 
5482 
694 
1725 
9004 
3218 
1389 
1932 
1121 
944 
2272 
1822 
7659 
2071 
7259 
9941 
6191 
4549 
7790 
7005 
4236 
5600 
3198 
872 
5783 
6113 
2125 
836 
2784 
9163 
849 
5323 
718 
8090 
9379 
6369 
5290 
1766 
8276 
5324 
3796 
6562 
2656 
8284 
3076 
4768 
6806 
2121 
2346 
3143 
4894 
7812 
1778 
3979 
6860 
353 
6046 
9317 
3833 
487 
448 
4314 
6761 
7602 
3479 
5090 
6471 
634 
29 
1884 
6990 
2214 
2415 
145 
5717 
3726 
8771 
7594 
1323 
8879 
3817 
8737 
1233 
1781 
9750 
3070 
3480 
1636 
9641 
5888 
7682 
6247 
2936 
9025 
4001 
2448 
1343 
8738 
5476 
7245 
6566 
9934 
4946 
7393 
3814 
7577 
8697 
9922 
5602 
6197 
2756 
6794 
4249 
6085 
6472 
3968 
9075 
8939 
9552 
4101 
3724 
3903 
9467 
8767 
2907 
6843 
9199 
5347 
8296 
4405 
635 
1326 
4412 
5977 
3272 
4333 
5736 
8091 
6928 
5195 
1144 
6846 
4893 
8778 
8489 
7123 
528 
1690 
9244 
7229 
8008 
3721 
4476 
8993 
1854 
6176 
4808 
9957 
2486 
641 
399 
1477 
1647 
505 
9587 
9358 
8612 
4784 
2011 
5561 
9676 
199 
2807 
7590 
8274 
9883 
4308 
1380 
938 
7498 
9983 
6809 
3939 
3627 
8175 
6148 
5014 
6440 
7008 
1831 
551 
9698 
4203 
650 
2010 
1040 
6952 
1261 
879 
9930 
4954 
7720 
8543 
6404 
1363 
2883 
6251 
7579 
762 
1375 
6263 
6417 
7525 
7396 
7564 
7951 
6095 
7646 
7404 
8064 
7474 
7192 
7910 
4132 
3823 
9457 
3193 
5976 
7419 
7 
9476 
9394 
9378 
835 
6884 
1301 
4905 
3922 
4399 
165 
2395 
225 
8915 
4735 
5288 
421 
7729 
4935 
5646 
2122 
9586 
9932 
5154 
5905 
3699 
2699 
6694 
2715 
5911 
9496 
3762 
2291 
5696 
6017 
3376 
7846 
20 
974 
7757 
8609 
6175 
8982 
2904 
2022 
4943 
620 
3842 
454 
9083 
5700 
7563 
5918 
1085 
5248 
2133 
8917 
1820 
7417 
1802 
9099 
5486 
1704 
4779 
9094 
5133 
2639 
4583 
8888 
2705 
8445 
4499 
381 
8910 
1125 
6132 
9732 
8153 
4871 
2505 
5528 
5475 
3626 
3110 
6637 
80 
3669 
4863 
4004 
207 
4253 
4398 
8260 
1966 
6185 
1090 
7000 
5153 
8633 
1687 
7035 
521 
4352 
5325 
4644 
1680 
5988 
6415 
9072 
2539 
6450 
1030 
7491 
8213 
4849 
4292 
7352 
183 
1593 
4010 
6596 
5354 
7532 
3386 
7595 
3291 
6639 
6699 
7059 
2433 
2279 
7014 
2610 
7167 
7375 
7137 
5377 
2849 
5488 
5711 
1558 
7699 
2467 
7186 
1176 
3897 
4170 
3206 
8240 
8151 
3491 
5796 
8532 
1891 
9856 
7777 
1017 
9815 
7596 
9512 
3526 
7029 
6977 
5790 
8868 
3513 
9117 
3050 
9001 
4142 
2171 
6266 
2270 
7327 
9183 
3108 
5649 
244 
6969 
2828 
8892 
5344 
4229 
9881 
5351 
4044 
4952 
2590 
6040 
9447 
7343 
5176 
6229 
5023 
4505 
3908 
4750 
9484 
4058 
4955 
6084 
2313 
7313 
1299 
3707 
2314 
1654 
5095 
689 
5671 
4650 
2842 
2326 
6396 
7877 
9841 
8864 
2643 
2103 
9820 
3789 
8180 
4801 
2581 
4585 
3470 
1378 
2085 
1155 
2664 
8779 
3924 
8383 
9812 
3393 
6530 
8209 
3179 
1946 
1515 
5532 
4892 
7782 
6945 
178 
7317 
2148 
3012 
6162 
99 
3824 
4372 
6830 
4627 
2763 
5303 
3719 
4262 
4999 
6655 
7162 
4259 
7377 
5915 
4420 
1092 
3086 
2189 
8043 
911 
7817 
5376 
9987 
9581 
1020 
5753 
4970 
4595 
4493 
1720 
1989 
769 
7304 
8282 
6835 
9069 
2661 
8424 
2615 
5422 
125 
3618 
3037 
3620 
2549 
6864 
563 
9415 
7907 
4964 
4980 
9598 
5834 
5709 
8161 
6630 
4261 
5877 
1708 
1905 
3391 
1119 
3463 
8819 
2226 
4008 
1632 
3084 
4496 
8592 
4640 
3504 
1188 
9438 
5503 
5161 
5514 
3857 
5860 
7816 
2880 
3425 
7173 
4749 
8024 
5224 
7692 
936 
3186 
9969 
1068 
6604 
9024 
8009 
8925 
8020 
1331 
1800 
8108 
2630 
8500 
1335 
7189 
5933 
1347 
7905 
209 
6767 
8518 
1592 
4576 
1004 
5429 
467 
4962 
5306 
2463 
383 
6534 
4078 
2034 
702 
9220 
5435 
7705 
3072 
9254 
8306 
5013 
1240 
3398 
9362 
7800 
4812 
790 
96 
5625 
7578 
1409 
3630 
3472 
1940 
8304 
7898 
8749 
4531 
8458 
3164 
4876 
5446 
1578 
6791 
9657 
4620 
4617 
1284 
4152 
2737 
2614 
1088 
5499 
3085 
2592 
7355 
9192 
7805 
1896 
476 
8913 
8566 
3599 
6535 
4550 
966 
5210 
3194 
9570 
8994 
8644 
5096 
3701 
9945 
2862 
6070 
8926 
2523 
6798 
894 
5802 
7003 
5428 
1613 
8361 
2248 
896 
3121 
7256 
1371 
1685 
1920 
4633 
9582 
1909 
7253 
7338 
7760 
751 
3250 
8998 
1604 
4522 
4345 
1748 
983 
4559 
8563 
3875 
4024 
1705 
4647 
5328 
401 
8674 
1763 
842 
7213 
5501 
8553 
3831 
5832 
1112 
7341 
5533 
7795 
3434 
5337 
8923 
2437 
4593 
9597 
3975 
561 
6983 
6430 
3132 
3497 
953 
8387 
1857 
5981 
6891 
6476 
3209 
8626 
8944 
2077 
7424 
4085 
786 
8839 
4546 
5937 
2197 
7935 
9028 
7181 
8810 
7807 
2947 
4271 
7267 
22 
8297 
238 
5916 
5029 
347 
6024 
2105 
6747 
8911 
4742 
7737 
5835 
1939 
2923 
6810 
6606 
1337 
7086 
9805 
1925 
3929 
4726 
3912 
9329 
9273 
2339 
5265 
430 
4819 
2874 
9158 
7703 
1835 
7485 
1825 
8019 
9714 
9241 
3893 
1575 
3494 
1300 
5680 
1215 
3523 
9611 
7401 
5319 
2153 
434 
1415 
3234 
5819 
5578 
6337 
9704 
1908 
3610 
6401 
6845 
3542 
7269 
9442 
5462 
5934 
4704 
6278 
2430 
268 
8 
9035 
56 
8841 
1178 
3113 
2730 
9470 
4107 
5862 
1467 
8513 
9400 
4682 
239 
3732 
9980 
5059 
2647 
3595 
8950 
8452 
4068 
58 
4629 
9919 
2551 
2678 
85 
3052 
8192 
2518 
4191 
1883 
8590 
1454 
6165 
3370 
6264 
4358 
4248 
7004 
6045 
3880 
2618 
3918 
2570 
4324 
373 
6545 
252 
9494 
4896 
5339 
5768 
6486 
5966 
3640 
7298 
2336 
4828 
9843 
3007 
6281 
9577 
4686 
7449 
305 
8652 
8791 
675 
3708 
9194 
8392 
8058 
7647 
9180 
3447 
2991 
4334 
9299 
4366 
4391 
8889 
3034 
772 
345 
8094 
2134 
6695 
3714 
1736 
3511 
7111 
1829 
2885 
9643 
2945 
2269 
2961 
3217 
9319 
5211 
6158 
8067 
5791 
8230 
1269 
4174 
9167 
8133 
7657 
2891 
7543 
6759 
7227 
3004 
743 
3180 
9070 
513 
7280 
6971 
1395 
5728 
2854 
7149 
2502 
2881 
871 
8002 
2617 
2672 
2605 
3834 
9743 
8059 
9527 
3285 
6179 
3553 
3739 
6021 
6911 
6242 
9098 
3965 
5362 
7018 
3411 
4782 
8883 
7591 
2603 
4874 
1967 
9629 
2626 
3895 
5223 
9740 
9635 
5530 
7410 
2823 
8963 
443 
8391 
2948 
7538 
7796 
6006 
5844 
1243 
4410 
9830 
9906 
4289 
5626 
5280 
8302 
4034 
1759 
1342 
4663 
8401 
1470 
2932 
4929 
2227 
8178 
8693 
1290 
1991 
666 
4228 
7371 
3681 
2802 
8162 
3934 
9312 
8376 
5333 
4628 
5869 
607 
6540 
4673 
7382 
5012 
5483 
3609 
2210 
1350 
6188 
2534 
2675 
920 
9514 
4202 
7220 
3678 
9713 
3173 
3691 
4982 
642 
8760 
3137 
2465 
2992 
8022 
3023 
1042 
30 
7133 
7348 
2950 
4286 
7966 
4009 
6310 
4619 
7904 
7931 
9026 
1238 
2445 
5665 
9837 
9134 
6907 
5650 
3011 
7539 
4548 
3261 
2915 
7996 
2469 
9974 
374 
976 
1286 
4258 
3990 
3293 
2591 
1712 
2522 
1179 
5045 
6954 
500 
4884 
2799 
254 
6031 
2606 
6372 
4684 
3045 
945 
4642 
3900 
3957 
8829 
3757 
4445 
6933 
9132 
8000 
2597 
3652 
1458 
7241 
7897 
7308 
7913 
3224 
7128 
9867 
7495 
91 
9990 
7621 
5360 
6789 
7323 
327 
1652 
2082 
6309 
5797 
9547 
133 
162 
884 
3031 
9421 
4867 
8996 
709 
6525 
6034 
533 
2384 
412 
3625 
1999 
4026 
2917 
4956 
9590 
4887 
9684 
2955 
2644 
260 
8646 
4180 
4987 
746 
2622 
7967 
7248 
4452 
8812 
2999 
9708 
8459 
2584 
679 
4178 
5457 
9939 
1653 
2489 
1206 
86 
8918 
1381 
9907 
4513 
4450 
8163 
3109 
8385 
3054 
7335 
3319 
9276 
9760 
9165 
3717 
6912 
9909 
5413 
1480 
6975 
130 
4793 
7959 
8813 
7217 
3864 
9816 
4457 
6231 
1392 
9172 
3453 
9510 
1026 
2601 
5108 
5404 
9756 
7584 
2994 
9695 
626 
552 
9002 
5308 
2303 
3415 
8139 
6418 
7222 
362 
8359 
3794 
6968 
806 
6813 
1547 
3251 
8940 
2978 
4866 
53 
5420 
3879 
3010 
8204 
7767 
6982 
1484 
6511 
9649 
5920 
2804 
4322 
7658 
6308 
7282 
2112 
4551 
8682 
4233 
2846 
9 
3459 
6762 
3567 
812 
4965 
4390 
7956 
8123 
5220 
2095 
1241 
9185 
7370 
6118 
5704 
4443 
6781 
8705 
9661 
1253 
4028 
8698 
289 
6296 
8197 
8637 
3400 
1280 
9847 
1128 
8181 
52 
9774 
5969 
4340 
2808 
3501 
7909 
4471 
5002 
4449 
8305 
25 
6491 
3839 
3394 
6293 
6438 
6947 
5775 
669 
3359 
5298 
4948 
1018 
7472 
2993 
5134 
5557 
4472 
4654 
172 
6955 
2535 
3184 
3418 
3120 
9346 
9865 
9351 
3774 
6222 
8422 
3016 
1996 
5450 
9879 
8329 
462 
1756 
6850 
6023 
3664 
1198 
9375 
2478 
483 
7442 
2047 
4518 
9838 
2834 
5953 
5000 
8454 
9967 
2262 
1183 
5894 
9878 
2265 
7285 
4397 
8355 
7588 
625 
5025 
4185 
4213 
8456 
8132 
8718 
9544 
7547 
427 
8805 
2482 
9282 
8605 
1113 
318 
860 
7861 
37 
523 
6194 
5384 
947 
4855 
1468 
8517 
8421 
2364 
1115 
6678 
9290 
7156 
4842 
9071 
278 
7687 
6745 
5948 
696 
8628 
7345 
2301 
757 
8393 
2096 
2724 
8827 
8292 
1886 
6280 
3745 
3971 
7031 
3119 
9659 
1402 
6521 
8938 
2102 
6553 
6579 
9864 
2956 
7340 
6269 
5309 
4171 
8088 
7434 
21 
3408 
7089 
2914 
7975 
5766 
3583 
3860 
1517 
6341 
8257 
2760 
7508 
6887 
6478 
1429 
9313 
2814 
4903 
5031 
3458 
9473 
6210 
8869 
9300 
4160 
8241 
1769 
8840 
8441 
7065 
1296 
377 
4606 
5872 
5886 
341 
3020 
7565 
6114 
3401 
2665 
5855 
8308 
7071 
9858 
6291 
491 
2490 
4989 
2275 
7095 
2161 
1521 
2144 
6484 
8920 
3225 
7786 
3754 
8894 
2599 
2439 
9274 
9699 
5077 
8972 
4823 
7258 
3586 
9209 
7628 
9119 
7023 
622 
2247 
5816 
4501 
6330 
1503 
6300 
4194 
1216 
223 
8228 
8895 
302 
4821 
1567 
7751 
3469 
4807 
1229 
7665 
2074 
6883 
3941 
9550 
9790 
8149 
7878 
8515 
43 
813 
7863 
205 
49 
6239 
9825 
8251 
5016 
2594 
6681 
9813 
9795 
847 
7321 
4921 
299 
2925 
2937 
7870 
2100 
9480 
8673 
6107 
4463 
482 
5543 
40 
6718 
6243 
5757 
8477 
8548 
146 
3989 
9221 
6410 
6505 
4602 
3040 
4713 
5930 
965 
7115 
2013 
8723 
490 
9872 
6589 
6554 
2396 
7403 
4976 
7435 
1405 
219 
4424 
2975 
8582 
8620 
1114 
5410 
5903 
3906 
4036 
6378 
2088 
3287 
5304 
3683 
7289 
8780 
7194 
8991 
7750 
5673 
158 
5706 
5652 
4624 
2475 
9782 
403 
5541 
1929 
7669 
8949 
3982 
1031 
6926 
4346 
7636 
9924 
1340 
4521 
1977 
4778 
707 
3638 
1907 
1699 
385 
544 
3816 
1945 
3692 
3368 
3155 
4331 
4021 
9287 
7548 
4126 
5305 
9992 
5666 
331 
3062 
756 
1485 
2627 
2769 
3862 
780 
1580 
1069 
832 
2751 
4081 
5386 
2607 
5510 
3375 
5418 
5746 
8129 
2600 
3894 
7906 
2790 
5821 
9638 
1642 
6880 
3047 
954 
2532 
4730 
6542 
6502 
3904 
8005 
324 
3185 
6555 
6569 
7325 
9662 
7387 
2319 
2677 
6594 
6673 
5999 
3832 
6668 
549 
5947 
680 
2555 
4569 
9475 
6612 
1386 
9506 
5624 
2882 
1655 
2015 
1673 
2693 
4257 
3654 
7436 
5412 
8115 
325 
9764 
4833 
2290 
3025 
48 
1047 
2353 
8831 
6366 
8594 
9051 
4862 
2837 
4210 
5471 
1619 
2454 
7540 
3659 
1520 
3473 
692 
3035 
3253 
1910 
3318 
7230 
9671 
1422 
758 
265 
8997 
9055 
4190 
3601 
8425 
5784 
2683 
1278 
6981 
6030 
9214 
3570 
2419 
5900 
6303 
9240 
9823 
7734 
6011 
6710 
1265 
8457 
9862 
4181 
6025 
6161 
4285 
9293 
8360 
1706 
1491 
8399 
5950 
3496 
4320 
4902 
987 
292 
2536 
1816 
8501 
697 
4154 
6103 
7050 
2893 
9538 
1916 
9049 
1373 
3633 
1505 
5770 
1486 
3490 
9840 
2300 
4411 
150 
8557 
7430 
514 
4609 
9962 
5681 
8012 
2889 
6890 
5559 
5295 
9420 
2847 
5079 
89 
2421 
4274 
857 
3631 
830 
6787 
7971 
7428 
4348 
1464 
7466 
5047 
630 
2578 
1313 
6348 
2939 
3165 
1145 
3465 
1828 
7072 
6128 
845 
907 
8820 
2104 
4133 
6362 
9419 
4290 
5895 
3162 
5727 
6788 
6137 
1714 
4912 
5611 
1038 
5441 
2973 
5567 
3267 
8468 
3038 
4674 
811 
7999 
2039 
5631 
787 
2831 
6377 
5699 
9427 
169 
7549 
2835 
5511 
973 
8368 
9212 
5944 
6065 
6301 
3770 
7542 
6289 
8631 
909 
4143 
6944 
5458 
197 
4934 
5460 
7862 
8029 
9610 
1702 
9545 
2875 
6123 
9741 
5480 
7947 
9691 
5761 
8688 
7582 
5943 
9528 
2981 
1391 
1015 
9956 
6739 
7020 
2942 
5171 
5871 
2740 
4767 
617 
445 
3881 
2844 
5787 
1711 
4088 
2328 
5974 
3315 
2938 
2929 
3667 
5614 
6682 
7536 
7433 
929 
7052 
6662 
1888 
1948 
4487 
5955 
2055 
2571 
3720 
2960 
6195 
6432 
7853 
9923 
9979 
4492 
1412 
9133 
5519 
6080 
4826 
8862 
2390 
3674 
4069 
477 
323 
653 
6701 
9690 
1602 
1836 
2722 
6578 
5676 
4239 
8006 
363 
455 
7364 
5375 
1984 
4843 
6817 
8482 
4668 
4685 
7899 
1954 
7635 
7205 
2704 
1912 
126 
5338 
2327 
8881 
795 
4043 
9605 
8509 
6691 
3202 
3337 
1056 
3191 
3695 
4529 
6675 
4820 
6992 
3936 
8415 
2695 
7389 
9948 
6742 
1213 
7302 
7813 
101 
3503 
3355 
3851 
4385 
444 
2075 
5359 
4328 
3656 
3039 
3738 
3389 
8715 
9310 
9912 
8565 
2152 
9147 
3673 
1695 
1111 
9130 
4197 
1808 
914 
652 
2012 
6689 
1903 
8534 
5687 
4718 
2285 
4582 
8642 
8655 
9284 
3686 
4025 
1089 
8080 
7379 
701 
4678 
7598 
2680 
1675 
5321 
2964 
2331 
6805 
407 
878 
968 
8137 
7572 
4670 
1175 
6674 
3238 
5689 
8394 
6003 
7884 
9361 
5312 
6778 
7557 
5730 
8498 
1812 
9150 
710 
7131 
8891 
4052 
73 
9900 
5702 
7684 
2307 
8400 
9728 
7892 
295 
8535 
1446 
5858 
6622 
5463 
6744 
6389 
4255 
7001 
3736 
6774 
5586 
8268 
4275 
8460 
203 
7083 
9211 
4669 
2132 
4323 
227 
404 
1780 
1075 
2334 
7529 
4226 
2686 
1863 
5127 
7499 
5105 
1008 
3660 
64 
4882 
1401 
5651 
9454 
2710 
2747 
9621 
660 
7911 
3621 
2869 
208 
3911 
1735 
4134 
3422 
7331 
1900 
8155 
9160 
4306 
941 
7096 
2669 
5173 
885 
6406 
3000 
9458 
5987 
1941 
7200 
1236 
7562 
7284 
2438 
4975 
989 
1617 
2642 
3991 
2940 
1667 
6665 
7865 
5793 
7552 
7283 
304 
1603 
4883 
5733 
7394 
2905 
903 
1230 
9593 
5657 
5837 
9176 
9410 
3845 
8041 
7301 
136 
643 
7068 
1267 
9269 
9575 
8569 
6492 
2146 
7645 
1061 
6896 
4937 
9868 
7708 
9910 
7041 
8025 
5282 
5317 
5596 
8152 
7697 
6462 
6901 
5145 
6306 
6512 
3190 
5931 
9926 
9890 
2718 
7789 
2585 
8713 
3305 
6951 
1801 
4119 
9861 
1184 
3715 
1553 
2897 
3529 
309 
9445 
7405 
8677 
9428 
3950 
2187 
4834 
8183 
4350 
5732 
6722 
4430 
3775 
7745 
631 
168 
6499 
3949 
4859 
5182 
1304 
2443 
7990 
2476 
9061 
3849 
948 
1559 
1475 
7090 
9063 
3811 
8764 
7462 
8481 
6727 
72 
2315 
7244 
4469 
24 
8476 
2913 
1221 
6814 
468 
8729 
5061 
6047 
1557 
6929 
6270 
7900 
5740 
5302 
4825 
6416 
6882 
3365 
6935 
9311 
2005 
1719 
7357 
2736 
4700 
9481 
8136 
2997 
6121 
8208 
6099 
9589 
5959 
5159 
7838 
8922 
8838 
1214 
3334 
2525 
2345 
6207 
67 
5713 
5470 
530 
6548 
6607 
9857 
2372 
9891 
5901 
3323 
3755 
4230 
8549 
4961 
5569 
391 
4379 
4920 
5838 
5672 
717 
5275 
7174 
7648 
898 
9707 
4184 
7627 
8384 
9406 
2387 
2757 
7821 
1583 
418 
216 
1091 
7936 
2183 
4996 
3460 
3157 
5760 
2268 
8971 
3710 
8560 
1279 
1904 
4179 
2731 
1294 
2410 
6488 
8872 
4506 
1406 
100 
2767 
5688 
5674 
1650 
4764 
4625 
7689 
1933 
7741 
9522 
9114 
3536 
8031 
2819 
6565 
4630 
5421 
8063 
1833 
2935 
7142 
7250 
8610 
3058 
6253 
7255 
4434 
7297 
7523 
5069 
2188 
4634 
1531 
5091 
1752 
6897 
1277 
4089 
8439 
4766 
4224 
6528 
804 
750 
298 
9188 
8195 
338 
9126 
7385 
8110 
6199 
9195 
6463 
3948 
7480 
4062 
1678 
6916 
9966 
7553 
5927 
7139 
7145 
919 
3967 
6561 
9106 
102 
1623 
4870 
2374 
3514 
7978 
7219 
2498 
7372 
7439 
957 
9178 
506 
6677 
2284 
98 
6507 
8248 
616 
6807 
4378 
4693 
4104 
1132 
5326 
1465 
2952 
8785 
4681 
9866 
7487 
8060 
6756 
7731 
1809 
9519 
9488 
9832 
9031 
8402 
7764 
5070 
807 
7643 
406 
4875 
7201 
7380 
3821 
5442 
5755 
4038 
4113 
7991 
8475 
6587 
7249 
7210 
9006 
662 
1979 
2394 
2233 
5965 
5431 
4147 
7758 
6342 
5187 
1283 
4446 
8255 
1151 
3344 
6429 
8525 
4067 
7617 
8556 
5936 
9292 
3589 
8875 
2080 
2723 
8449 
4947 
4727 
2754 
6371 
5542 
1397 
143 
9763 
8315 
1159 
470 
2243 
4512 
3837 
2485 
7857 
8339 
7632 
7303 
8480 
8191 
9777 
2867 
9768 
5236 
6089 
640 
4915 
1943 
5677 
7044 
8850 
7413 
5654 
9973 
4031 
2805 
184 
3214 
1529 
3593 
7450 
9205 
2653 
3489 
9068 
3046 
4490 
6376 
2540 
2050 
7603 
5358 
8138 
4037 
2068 
2863 
7781 
3278 
8327 
7129 
8026 
5228 
4877 
210 
7206 
4661 
4854 
7288 
7716 
839 
1878 
2378 
8955 
9681 
4299 
8625 
2386 
5055 
8167 
9414 
3830 
3136 
2169 
5577 
3516 
2484 
8725 
9977 
8803 
7534 
4077 
509 
3013 
4158 
2139 
3517 
270 
3235 
7432 
1087 
9191 
881 
8107 
235 
259 
9703 
4774 
7208 
522 
4421 
6613 
7901 
8577 
5027 
3829 
5601 
4844 
3942 
5401 
4264 
6870 
3635 
8928 
9250 
8542 
9913 
5478 
8906 
7073 
2530 
3167 
8416 
8668 
214 
59 
5870 
3835 
6139 
4660 
5063 
7105 
4998 
3417 
6466 
5968 
8912 
8954 
9345 
5469 
3358 
4736 
7735 
9733 
9897 
8676 
9600 
8220 
5919 
1201 
2167 
5293 
6764 
2221 
8903 
683 
7917 
433 
4392 
8801 
3994 
415 
4309 
4117 
3123 
8933 
2676 
1305 
1582 
2930 
730 
688 
4803 
8608 
5633 
6667 
5769 
3915 
7623 
5098 
3445 
7483 
479 
8016 
685 
8101 
6837 
3608 
644 
7637 
2440 
3947 
5251 
1303 
9085 
4363 
7080 
5537 
8748 
3067 
1479 
8797 
6359 
1134 
4144 
6679 
396 
1579 
3311 
8309 
9876 
5087 
8678 
9623 
2367 
7587 
8027 
8896 
3730 
429 
7948 
4477 
9844 
452 
1614 
379 
2548 
300 
3312 
3535 
4120 
8379 
5795 
7551 
6730 
9270 
1754 
2154 
9893 
3177 
2541 
8927 
1997 
8226 
4387 
7085 
9082 
9715 
8863 
5255 
5663 
7937 
2666 
8307 
6640 
9431 
6527 
7113 
3001 
308 
825 
590 
8298 
5018 
5763 
7326 
5564 
1849 
316 
1958 
8341 
66 
4302 
2293 
8902 
10 
3158 
6142 
5621 
5685 
9289 
774 
7825 
4112 
5785 
9350 
2515 
4087 
215 
9248 
428 
4045 
1864 
8447 
5032 
5427 
3956 
3853 
3433 
1901 
2624 
5202 
7715 
3367 
4502 
7187 
7916 
3403 
8004 
8328 
6412 
8884 
4811 
1518 
2057 
9710 
8369 
2496 
8503 
5227 
9186 
850 
2286 
744 
9487 
9904 
2951 
6026 
9112 
2237 
9190 
1585 
1126 
8374 
9835 
2356 
8130 
9534 
60 
9387 
5609 
8301 
8842 
1374 
5120 
8186 
7386 
3871 
7084 
3901 
1071 
9885 
6715 
9997 
8164 
9019 
939 
6420 
1983 
3749 
9694 
6855 
9761 
6748 
245 
2031 
2776 
2417 
3644 
4580 
4772 
1779 
7106 
1136 
8669 
7995 
402 
6948 
1972 
7639 
2094 
2180 
9748 
8366 
4064 
8740 
8597 
4643 
9566 
8536 
2385 
6277 
654 
9700 
7686 
2280 
990 
293 
5456 
7337 
9780 
9752 
3969 
249 
5117 
7354 
5262 
3018 
294 
4100 
7920 
2579 
6797 
7619 
6760 
6908 
3392 
2124 
943 
632 
4913 
2886 
6866 
5076 
1469 
478 
6877 
8854 
3274 
7422 
1830 
1010 
1872 
5216 
2542 
3521 
394 
4632 
5954 
5946 
580 
3208 
776 
6854 
5788 
4384 
4507 
6821 
7309 
1138 
8177 
3670 
1724 
9223 
4460 
9535 
5917 
8743 
9914 
3385 
3716 
7979 
7324 
5249 
1723 
6016 
106 
3002 
4800 
4053 
2329 
1197 
6237 
1364 
2560 
5848 
2042 
10000 
532 
7344 
5472 
9548 
2453 
5003 
6086 
3766 
9542 
7279 
8013 
986 
7212 
5147 
3094 
2511 
766 
6914 
6076 
5363 
5571 
9719 
166 
7512 
8585 
3195 
7982 
8880 
2851 
6181 
9486 
5583 
7300 
9892 
69 
3797 
97 
3729 
4458 
7984 
3249 
1190 
2007 
9821 
1969 
1906 
2177 
1344 
1316 
558 
7589 
6888 
9504 
3541 
5971 
8320 
3604 
3068 
2499 
4925 
3533 
1528 
8613 
55 
1245 
287 
1263 
2086 
6869 
9325 
5701 
5491 
5523 
1853 
8262 
3412 
4207 
7676 
8234 
3482 
6425 
6633 
6617 
9567 
9530 
8622 
788 
4071 
5506 
9388 
7962 
9392 
436 
7118 
578 
5515 
221 
414 
2006 
1741 
2271 
8734 
2553 
6211 
5752 
9996 
3580 
8217 
7600 
3204 
5549 
8403 
3211 
3339 
4342 
861 
3688 
7426 
2143 
4367 
2857 
6262 
8984 
7444 
9138 
8310 
6110 
8104 
2297 
7608 
4040 
9271 
5748 
7640 
7714 
283 
8243 
8299 
6282 
2198 
2719 
8222 
2027 
7358 
841 
8980 
1937 
5390 
2479 
1998 
3300 
4006 
6437 
3645 
9730 
9518 
4090 
5777 
2587 
2836 
3769 
5508 
6999 
155 
397 
3032 
5189 
5264 
3531 
5820 
7135 
5573 
1249 
6312 
8410 
5683 
8958 
8278 
3100 
8148 
4217 
6611 
3232 
6651 
8528 
5387 
2967 
1957 
6051 
9628 
4716 
6159 
9472 
7961 
7654 
5786 
4349 
3351 
814 
1149 
6332 
7814 
5678 
3092 
1322 
5060 
7721 
4386 
4895 
266 
2533 
1535 
9247 
6390 
5572 
7677 
3280 
5287 
8408 
2565 
5661 
4872 
1000 
389 
7696 
8959 
9537 
1956 
7867 
2920 
275 
6228 
4183 
3437 
3441 
4396 
1254 
8680 
5241 
3049 
8316 
9520 
4528 
2689 
2048 
8499 
783 
186 
2472 
4351 
5963 
4050 
112 
4900 
1798 
6642 
2455 
3343 
6624 
8506 
3259 
8887 
5459 
577 
5348 
5119 
5996 
6726 
3166 
1700 
2393 
6439 
116 
9422 
9898 
6180 
3133 
7970 
9168 
665 
3075 
3448 
930 
3898 
3603 
5849 
2442 
6867 
8014 
4059 
1959 
7360 
5051 
4097 
1329 
3624 
8406 
2009 
6178 
7929 
2520 
6193 
8095 
785 
3451 
2325 
2552 
3703 
9376 
1327 
2223 
7505 
9021 
2201 
4873 
2157 
9328 
8947 
5296 
8189 
1325 
5 
3584 
8603 
3623 
5007 
6618 
777 
7120 
633 
3242 
5190 
719 
5566 
1841 
3384 
917 
7545 
4256 
4613 
8907 
6523 
2281 
9921 
6027 
9794 
6580 
9245 
7006 
6143 
3810 
1408 
4124 
7240 
4748 
9959 
4933 
6616 
1564 
9529 
3552 
90 
1552 
1832 
4480 
9642 
6279 
2746 
8865 
2064 
9453 
8461 
6568 
7175 
2503 
3870 
906 
2225 
1096 
8128 
7169 
5548 
1976 
8239 
2514 
6766 
3130 
2748 
5932 
8173 
246 
6391 
2538 
231 
3508 
240 
3787 
629 
3009 
3079 
3806 
6170 
5896 
7048 
5587 
8038 
3066 
670 
2398 
4997 
3637 
9261 
8847 
9775 
1023 
9360 
5539 
7218 
4388 
2980 
9208 
7060 
6182 
1855 
7168 
1785 
5616 
9855 
2040 
6360 
3294 
392 
4426 
7778 
4856 
1488 
2924 
2458 
6215 
6964 
5831 
6201 
960 
3634 
3706 
5668 
7074 
2461 
5193 
2072 
5994 
3279 
2864 
7176 
2028 
1657 
1971 
8134 
4151 
3916 
348 
4944 
3161 
271 
7626 
681 
3282 
6248 
2765 
3985 
1448 
6986 
855 
1449 
6577 
8751 
4537 
6601 
1611 
3744 
4395 
1081 
9246 
5525 
5622 
6754 
9304 
1396 
3380 
2128 
5138 
2755 
3597 
1570 
2928 
5194 
5749 
901 
4066 
5723 
7454 
6004 
2335 
6600 
405 
4796 
7158 
5439 
8443 
1651 
1740 
1538 
2231 
27 
8755 
3750 
3438 
3995 
7202 
3303 
4212 
2354 
4283 
5208 
9692 
6403 
6524 
2196 
424 
4679 
2101 
8550 
7570 
2650 
7664 
9943 
2685 
3955 
1601 
5552 
5850 
9426 
1174 
9753 
7467 
3452 
4167 
9799 
4879 
1679 
1247 
3257 
3684 
9224 
6584 
4375 
9259 
6436 
1443 
351 
724 
671 
7842 
8662 
8558 
4719 
6980 
4797 
502 
6494 
6130 
7955 
9591 
474 
9030 
3954 
2890 
4317 
5343 
6910 
3148 
7451 
6500 
8471 
8726 
9802 
5882 
8795 
8185 
8936 
9081 
2110 
6381 
3059 
5400 
5923 
6268 
7502 
7291 
1348 
1499 
3818 
1823 
1495 
4468 
5741 
9834 
6260 
6062 
8451 
5335 
9560 
8904 
4356 
7667 
6708 
1270 
869 
5979 
5039 
7494 
9874 
6014 
8794 
7098 
9644 
8769 
8487 
949 
3483 
4163 
7611 
1157 
4509 
1219 
822 
8540 
3742 
755 
6875 
161 
6532 
1715 
1232 
4822 
1218 
5814 
1476 
677 
9908 
9179 
8886 
1139 
667 
5163 
6997 
1889 
3328 
8238 
9634 
4914 
9978 
1231 
593 
1315 
2509 
9916 
6645 
68 
2787 
6224 
9036 
7246 
8448 
3522 
2310 
282 
5859 
8530 
7477 
7315 
2083 
9281 
8967 
7140 
4573 
1107 
6380 
5252 
6219 
993 
5364 
5332 
2295 
2389 
4692 
2056 
6956 
5185 
9513 
2477 
5048 
9667 
7504 
8395 
2232 
7225 
4802 
778 
6250 
8285 
9720 
5058 
8687 
5516 
2998 
4029 
1194 
8463 
2156 
3017 
3462 
8196 
618 
827 
2809 
5535 
2543 
4003 
4710 
853 
6347 
2429 
4511 
8692 
4115 
7272 
3999 
9672 
8699 
5378 
9873 
6650 
6978 
7017 
6638 
583 
6061 
5780 
7310 
291 
9193 
9664 
6546 
4558 
6563 
7030 
243 
1898 
9936 
7794 
4030 
2113 
8547 
823 
3534 
2016 
7456 
7854 
7268 
3229 
5500 
1438 
5426 
647 
5938 
1573 
1339 
280 
9263 
5545 
9335 
8097 
6885 
1544 
1697 
1834 
6597 
2901 
5266 
964 
6636 
6414 
2244 
5118 
5121 
127 
6581 
2572 
9352 
3357 
2816 
5695 
2921 
7736 
7471 
7275 
2866 
6072 
8664 
3153 
2872 
1536 
2212 
2903 
5022 
6765 
7328 
2879 
4394 
2663 
31 
4208 
4732 
2902 
3126 
4960 
2032 
4760 
3498 
3852 
8343 
5799 
7787 
3896 
4927 
1640 
7489 
3746 
9417 
9076 
3772 
1502 
2399 
9152 
8364 
5392 
5218 
6459 
3149 
3246 
3576 
9007 
5705 
1452 
4494 
6361 
4648 
6998 
6812 
8731 
8717 
1549 
9174 
9233 
6144 
2460 
8766 
6804 
7691 
3074 
1223 
895 
996 
1383 
4478 
4251 
297 
1787 
5114 
4414 
2138 
3388 
6010 
7047 
1551 
8311 
3812 
5865 
9965 
8048 
5044 
3057 
8932 
3577 
2360 
931 
2562 
6434 
1170 
7397 
7698 
3671 
9235 
2473 
4963 
4380 
5909 
7216 
3748 
8695 
1911 
3685 
1248 
3404 
612 
3313 
9196 
8010 
1934 
4616 
355 
2164 
865 
2788 
198 
5575 
1332 
419 
3886 
4611 
1806 
9314 
4227 
2060 
9338 
7359 
3283 
8263 
4246 
715 
3858 
9105 
6853 
6100 
375 
7828 
6240 
9502 
2090 
7193 
1753 
6399 
9003 
5897 
9758 
2432 
8154 
8092 
139 
6475 
5891 
6775 
8786 
1893 
9899 
4301 
2093 
6097 
2371 
1807 
9608 
7874 
2843 
8572 
7520 
3672 
9203 
422 
6946 
1228 
303 
2407 
4063 
3333 
8641 
5129 
3073 
5230 
7420 
4724 
6649 
6255 
9040 
923 
1837 
9439 
4110 
6174 
9477 
1237 
4105 
8527 
5823 
7839 
6261 
5962 
437 
955 
6495 
4527 
9827 
7104 
6138 
4099 
1318 
4827 
7890 
9364 
3455 
1388 
2066 
4798 
5521 
8835 
6692 
5406 
9039 
1986 
507 
3093 
6724 
8833 
2107 
9660 
3585 
8707 
910 
7943 
8602 
6152 
4911 
4958 
1827 
9889 
7749 
9776 
6598 
8989 
1672 
2179 
7438 
5771 
8544 
5278 
5485 
3112 
1639 
1776 
3373 
4360 
5221 
3566 
6755 
6979 
3524 
3216 
6963 
720 
5538 
5481 
7963 
4723 
5067 
6109 
9569 
1732 
1926 
6641 
6079 
4815 
3429 
3350 
2714 
5562 
6811 
4023 
408 
882 
9553 
157 
5073 
4680 
8765 
3616 
5437 
2758 
4389 
1506 
1804 
3436 
752 
5546 
7922 
4448 
9309 
6356 
4703 
4466 
1212 
3993 
8526 
9712 
2176 
3874 
7109 
3111 
7762 
7039 
7399 
1077 
7452 
3069 
39 
1659 
2778 
1918 
8660 
6772 
9127 
1790 
2795 
5982 
5142 
6619 
3379 
5563 
3512 
3828 
8011 
6698 
8821 
7802 
7519 
7743 
2435 
9625 
1330 
2333 
3338 
7032 
1308 
3478 
6394 
8581 
4775 
1276 
997 
9096 
3647 
8375 
6959 
340 
1738 
6659 
5734 
122 
3713 
3220 
5206 
3825 
7607 
9928 
4542 
6186 
7592 
1577 
609 
8412 
2888 
3156 
2785 
1297 
9627 
6082 
8589 
3962 
595 
9831 
933 
9870 
9465 
9143 
8100 
684 
9206 
1191 
3292 
8562 
7530 
4114 
257 
7429 
5902 
3163 
8657 
9810 
4941 
5149 
8986 
4376 
9886 
3776 
7236 
390 
9349 
8367 
1707 
2018 
7013 
9341 
1625 
1182 
9306 
5922 
2208 
4740 
2985 
5505 
5041 
1066 
8736 
2494 
8507 
799 
7983 
2781 
1510 
386 
3602 
1880 
1295 
5659 
9230 
6676 
9228 
6091 
9210 
4315 
2580 
179 
9448 
828 
4318 
2245 
8077 
3798 
5644 
8371 
1795 
4371 
7989 
3917 
7610 
8523 
1220 
6227 
8849 
875 
4788 
2033 
8291 
3244 
3444 
6985 
6827 
2749 
8414 
8957 
2045 
1076 
9108 
3005 
7295 
1153 
3014 
2507 
2149 
26 
8514 
9396 
8882 
8179 
7457 
3944 
9637 
5024 
2623 
5634 
5493 
5402 
9669 
793 
8630 
7561 
3885 
8919 
6863 
942 
4075 
6202 
9808 
3527 
3725 
181 
5594 
4869 
5005 
8712 
1012 
247 
6504 
3273 
141 
6374 
4303 
5527 
1610 
2126 
967 
2896 
3183 
7493 
9614 
3051 
7819 
2766 
809 
9296 
1666 
4084 
4474 
1746 
1426 
4924 
1242 
9950 
6961 
9666 
11 
7994 
8216 
5204 
4482 
4347 
5102 
475 
1036 
440 
5857 
5270 
3907 
7753 
9277 
9942 
6800 
1868 
4211 
5473 
7601 
6141 
6917 
729 
3141 
6220 
3024 
9859 
1581 
5357 
6477 
1264 
3759 
1713 
9877 
4159 
5283 
2089 
576 
8861 
6994 
9739 
3743 
7624 
1856 
8951 
8145 
6454 
7725 
4413 
1852 
5942 
4427 
134 
3564 
4706 
5443 
5192 
8666 
6966 
4792 
6422 
8001 
9807 
3848 
5904 
3266 
6522 
5215 
1588 
5083 
6865 
4156 
4763 
8054 
8529 
9771 
4265 
7351 
3549 
7067 
6829 
7513 
6716 
7107 
2968 
8044 
3921 
311 
951 
1635 
6922 
1202 
4277 
6167 
4007 
5113 
802 
9526 
582 
3846 
3753 
6927 
4330 
5434 
2431 
1147 
9156 
9249 
3087 
3694 
1728 
1434 
354 
525 
564 
2000 
9619 
7443 
5724 
9018 
7238 
9744 
5658 
1527 
3255 
4165 
4618 
9737 
4139 
8985 
8663 
7381 
9819 
83 
8774 
4153 
4564 
9401 
8746 
605 
1352 
7378 
1894 
9078 
8924 
2506 
9056 
7744 
328 
9679 
555 
843 
6653 
3044 
6427 
7797 
4519 
517 
2775 
1771 
5448 
5992 
9895 
5570 
4677 
8937 
251 
8259 
1160 
4176 
2906 
7808 
2566 
3440 
899 
1677 
8405 
5986 
4402 
5708 
9430 
6150 
8249 
4269 
8777 
8867 
782 
8170 
6405 
8570 
3546 
5653 
2602 
815 
3607 
3265 
9483 
3236 
4799 
4035 
177 
2633 
7319 
7537 
4485 
5320 
1838 
2449 
2065 
526 
1282 
2772 
8578 
8033 
771 
6288 
173 
9464 
3314 
5856 
2109 
5914 
3952 
3661 
3409 
217 
4307 
3642 
8015 
6283 
4517 
4917 
8814 
4791 
497 
6063 
4475 
8346 
7400 
4241 
866 
8999 
1840 
2414 
3902 
8236 
4974 
3091 
749 
8382 
350 
7243 
9048 
2379 
6741 
7177 
7875 
1255 
7755 
7416 
5804 
2287 
6200 
3702 
9546 
8242 
343 
8035 
6538 
306 
8245 
1607 
9565 
4918 
4515 
2833 
6329 
6943 
3505 
6173 
9655 
5438 
1749 
8021 
1761 
4696 
5964 
2084 
7094 
1799 
6858 
1867 
3559 
6576 
9584 
5226 
4737 
5818 
575 
8823 
7235 
6784 
8619 
413 
5020 
8856 
9391 
7541 
6470 
2037 
1542 
371 
8427 
5715 
9463 
6871 
1866 
6336 
6032 
6402 
119 
3127 
1129 
5615 
9455 
8335 
658 
9509 
5613 
6322 
2029 
6993 
1848 
8520 
5035 
6050 
6166 
9551 
1262 
8404 
6187 
5892 
2021 
8533 
6987 
2409 
4725 
4216 
9824 
5094 
2340 
1222 
8784 
1306 
9755 
5464 
3142 
4141 
6443 
3043 
4137 
1561 
9471 
5052 
1663 
8353 
2611 
5110 
7034 
1273 
4444 
3160 
4108 
7461 
1733 
6799 
8325 
8333 
3428 
2170 
7933 
1368 
9532 
7843 
4111 
4294 
9647 
2258 
6623 
3420 
6498 
7099 
9822 
554 
1217 
5975 
4244 
2682 
2687 
8788 
2392 
4601 
9121 
8595 
8793 
6704 
3622 
8828 
8086 
132 
5972 
2782 
8929 
2063 
4098 
8679 
2343 
2681 
2163 
3704 
9318 
3169 
6351 
7476 
4313 
5186 
1117 
8714 
6157 
992 
6411 
3793 
8206 
624 
8943 
6508 
63 
4586 
2382 
5160 
7712 
6559 
4708 
38 
4343 
2253 
5697 
2070 
695 
7421 
7516 
9066 
2413 
1922 
7411 
6706 
7036 
1847 
9482 
7010 
1314 
9157 
877 
7215 
6925 
9517 
8640 
4861 
4804 
8147 
8142 
7040 
1556 
5432 
9226 
3663 
9485 
4146 
3981 
3015 
3722 
2425 
4440 
7644 
8599 
8293 
9175 
7271 
1788 
5949 
4305 
8264 
7336 
3998 
1560 
711 
7586 
5135 
9011 
8675 
5906 
9093 
8281 
2162 
9770 
4060 
6441 
8733 
1044 
9613 
8073 
4805 
8109 
5372 
4994 
4966 
5585 
1320 
5648 
6044 
2575 
4321 
3878 
220 
6455 
6687 
2203 
6169 
9685 
2500 
6654 
3768 
8806 
192 
5863 
3765 
1612 
46 
7823 
489 
8313 
4959 
3099 
7257 
7615 
5168 
6212 
9915 
195 
5479 
4189 
7641 
6520 
9592 
9161 
4489 
8702 
2351 
6720 
6015 
5331 
731 
4744 
8112 
1274 
8256 
8122 
637 
3799 
838 
1414 
461 
6335 
4659 
276 
1166 
5151 
222 
1525 
5164 
3676 
1234 
3299 
1568 
8166 
8212 
19 
6428 
4041 
7062 
2230 
4200 
7921 
6092 
7143 
7546 
9894 
6872 
4563 
5284 
6333 
5112 
2662 
384 
7069 
4042 
7726 
854 
745 
9497 
9674 
9696 
5141 
831 
3970 
7855 
88 
8046 
2815 
3414 
9101 
9013 
1028 
9814 
1665 
6035 
6379 
9333 
3443 
8564 
256 
6603 
7829 
9042 
6656 
9626 
9067 
9686 
7391 
3682 
5679 
1362 
1354 
4046 
8742 
1377 
3573 
6226 
1293 
7555 
2508 
6241 
5492 
8428 
7224 
7774 
9371 
7831 
3041 
9726 
1102 
8732 
1489 
5010 
1403 
496 
5637 
9468 
4455 
4936 
927 
8931 
3711 
9588 
8265 
2679 
2771 
1118 
5033 
8661 
1689 
7362 
6610 
998 
3882 
163 
6841 
5367 
773 
3628 
5556 
5792 
1589 
8466 
7015 
3101 
6205 
7722 
7820 
3302 
6233 
1637 
9556 
4572 
5258 
603 
2344 
2495 
6479 
5015 
9059 
5294 
326 
7146 
147 
6728 
8930 
3474 
753 
3571 
8277 
4694 
4406 
6551 
5162 
8419 
2135 
9940 
1686 
8246 
516 
2717 
253 
5380 
5232 
3159 
3131 
5504 
6156 
1887 
2266 
3914 
7070 
646 
8190 
7221 
2707 
5710 
6842 
3540 
747 
4056 
8741 
9321 
3316 
3777 
4923 
3689 
8598 
6989 
5522 
5152 
950 
1980 
3331 
4054 
9258 
2273 
2878 
6685 
4578 
1257 
1643 
9382 
6386 
4536 
9045 
9182 
4972 
4641 
3709 
1029 
5513 
1664 
4516 
6225 
6831 
1418 
6423 
1003 
9080 
1039 
242 
7492 
6392 
6043 
262 
8150 
9836 
7702 
9759 
557 
4657 
2322 
8233 
8126 
8983 
232 
3964 
5952 
8965 
3320 
3345 
6967 
568 
7079 
8286 
7620 
2840 
9053 
5474 
9243 
4769 
1239 
7944 
4756 
9381 
3095 
6368 
1384 
6054 
3377 
2848 
9034 
6236 
1974 
3575 
8701 
7960 
6087 
7681 
8656 
2067 
704 
9239 
3786 
4456 
8252 
4555 
6801 
2349 
1271 
1169 
3938 
7675 
8962 
4407 
3187 
9492 
5128 
9539 
6572 
4701 
5379 
4121 
6769 
9449 
2524 
8050 
1546 
716 
6238 
4182 
4354 
193 
1411 
8358 
6077 
6331 
2470 
7985 
107 
1519 
6919 
1622 
7392 
3353 
1420 
2236 
1124 
4404 
7871 
4747 
8546 
1154 
5502 
4717 
2803 
9412 
7395 
2464 
3588 
6444 
7425 
5231 
267 
8683 
8781 
4218 
1427 
2586 
5072 
789 
9985 
3760 
4497 
1936 
8295 
6019 
2308 
1962 
887 
4268 
5130 
9639 
3053 
4423 
3383 
3347 
9742 
6424 
1353 
4813 
4138 
584 
7804 
8275 
1507 
8055 
4574 
5368 
2612 
542 
6707 
3233 
6078 
1052 
9443 
1892 
8593 
5407 
5995 
2312 
6327 
1481 
7550 
3888 
4470 
8409 
1053 
4888 
9337 
1049 
3296 
3226 
924 
4083 
3298 
5253 
7412 
7957 
3996 
9015 
2116 
3033 
2786 
833 
75 
8859 
9155 
5062 
7653 
2111 
5394 
224 
3945 
5021 
8229 
7307 
2745 
1526 
6643 
5049 
1205 
8210 
6627 
1620 
3537 
3579 
2794 
8036 
9731 
5373 
3056 
1193 
118 
979 
9609 
9332 
9436 
572 
975 
7251 
13 
3102 
8340 
9113 
733 
9012 
76 
8537 
7002 
3055 
5550 
742 
4109 
3310 
9636 
1266 
2400 
1938 
3477 
873 
3889 
7518 
6325 
9399 
5274 
279 
5213 
6206 
8347 
4777 
934 
732 
1324 
1074 
935 
2974 
7918 
2989 
9884 
8575 
2733 
7138 
3061 
5623 
2061 
9043 
6879 
4319 
5034 
1935 
3464 
3747 
8156 
3763 
9583 
2750 
4234 
5382 
6733 
2159 
2567 
7390 
4733 
7785 
9446 
8237 
8087 
4566 
3114 
121 
4057 
3140 
7856 
8470 
7108 
9682 
3486 
1693 
7986 
9766 
9144 
8799 
6621 
1387 
5240 
2668 
2030 
5178 
3771 
3506 
8442 
6849 
1349 
74 
4561 
4074 
7976 
4981 
5632 
5244 
4988 
4991 
1064 
2294 
1432 
770 
4130 
6780 
8623 
2774 
5454 
714 
9668 
5544 
2558 
5762 
365 
1605 
1539 
4231 
7473 
9951 
2727 
8349 
8818 
5057 
3207 
5198 
1815 
5876 
2459 
6216 
2155 
1312 
6104 
1101 
5214 
5109 
3097 
4161 
3104 
1600 
5707 
3933 
9947 
4639 
8426 
2632 
2702 
9437 
2119 
5512 
9954 
7349 
380 
2582 
518 
204 
3008 
3317 
8201 
7130 
8665 
9297 
3247 
9749 
4845 
9658 
9500 
781 
9727 
5941 
2576 
2619 
5260 
9145 
9474 
174 
6029 
4783 
8070 
7333 
1141 
2563 
3779 
78 
6838 
9050 
1574 
9781 
9403 
2274 
7124 
9173 
5212 
4263 
4495 
628 
8279 
6135 
9370 
9745 
2640 
2977 
9811 
2173 
1084 
5200 
8512 
4743 
2001 
3617 
8966 
4675 
651 
2943 
4240 
5731 
9955 
3277 
6973 
9407 
7941 
6168 
8704 
9852 
3590 
6305 
3984 
1204 
6795 
6996 
5635 
2916 
3987 
4235 
754 
9640 
3592 
1608 
3728 
148 
1019 
1727 
6254 
2583 
6153 
9603 
7732 
7183 
8342 
7286 
7770 
589 
7077 
42 
322 
6452 
7117 
4886 
7759 
7368 
4646 
2657 
705 
349 
7042 
4525 
4039 
4329 
7612 
8960 
2711 
6265 
6771 
4878 
8493 
8214 
7927 
9275 
8420 
6468 
7122 
3098 
5181 
9279 
1291 
6493 
2521 
8417 
2192 
1425 
370 
9429 
7339 
5778 
982 
3082 
5867 
9308 
2049 
7924 
2556 
8045 
6395 
5829 
8160 
3 
1879 
3801 
4149 
1674 
7153 
3605 
2487 
9970 
1890 
131 
4118 
3591 
5776 
6002 
6326 
3178 
946 
4599 
6958 
3060 
2468 
4362 
5089 
7496 
6286 
4243 
7763 
4979 
672 
6435 
2652 
6320 
5494 
2306 
5655 
6294 
6517 
8188 
9499 
5408 
189 
2966 
2616 
7125 
6349 
5201 
6705 
6974 
453 
1399 
441 
535 
5393 
5925 
1576 
2598 
3795 
6586 
2053 
8973 
7226 
6273 
5477 
3063 
5735 
16 
9993 
1413 
7318 
4832 
8824 
4953 
8099 
9008 
4539 
2972 
1054 
2200 
6711 
6083 
4969 
3733 
1192 
4745 
4260 
1334 
1696 
5311 
4560 
5146 
1701 
1051 
4761 
4498 
337 
7114 
9944 
6920 
1616 
5612 
400 
1302 
4781 
5698 
4776 
9286 
8485 
6421 
6575 
7688 
9607 
9257 
9850 
3089 
9787 
124 
6862 
9677 
4848 
1985 
7214 
9515 
2451 
6075 
961 
6815 
7093 
4837 
8165 
3826 
2806 
7179 
4734 
905 
8389 
4831 
87 
3861 
868 
9995 
4932 
442 
8552 
7369 
1043 
703 
4484 
3859 
9301 
7350 
2141 
3106 
8694 
8689 
4295 
918 
9052 
2688 
7441 
4715 
4847 
301 
7581 
8744 
3807 
3662 
9541 
2323 
6750 
8587 
7894 
4479 
2317 
4697 
5921 
8763 
8283 
9725 
1826 
4157 
2091 
7087 
1895 
312 
7165 
1167 
4638 
7231 
1466 
1268 
7835 
3548 
515 
1662 
794 
9009 
1839 
1456 
4288 
9579 
6298 
7811 
912 
5174 
8790 
5466 
2743 
7388 
3289 
3105 
738 
6234 
5222 
1634 
9779 
3116 
9533 
5423 
1094 
6840 
7887 
1473 
5913 
8363 
5610 
8787 
8194 
6213 
3596 
3569 
2944 
5385 
8225 
2373 
1716 
6859 
8350 
2493 
4169 
6223 
2130 
784 
2604 
2250 
5619 
4852 
4447 
9305 
2892 
2922 
928 
4992 
6183 
1995 
9005 
4095 
9645 
7837 
2798 
1745 
4245 
5607 
6582 
2165 
5092 
1447 
129 
6000 
2296 
4770 
185 
3966 
1158 
7147 
9380 
3006 
4919 
9536 
9646 
4196 
9991 
3953 
8708 
6632 
9595 
2078 
1524 
7574 
8969 
6018 
8116 
2235 
6358 
2768 
3920 
9842 
3090 
2368 
3712 
8976 
398 
7650 
5739 
2246 
7488 
867 
1681 
5670 
8117 
8782 
5840 
5276 
9124 
1885 
5124 
1850 
9952 
8670 
1433 
5122 
8916 
594 
2899 
4503 
8396 
3026 
6154 
1135 
1258 
863 
7946 
3665 
6915 
1876 
4985 
9702 
7824 
6671 
140 
7779 
4600 
4523 
1990 
4220 
2870 
7727 
3374 
6962 
4344 
1062 
5465 
7026 
3430 
4370 
2446 
7852 
8096 
32 
511 
4671 
7880 
1563 
3639 
6464 
8345 
6543 
6844 
9773 
1777 
1050 
5353 
4012 
4983 
7007 
1951 
2783 
8231 
9397 
152 
4103 
1474 
8773 
9938 
7988 
2793 
5879 
6125 
2358 
9234 
1060 
6354 
9023 
7886 
2557 
6373 
4746 
9079 
3687 
926 
4016 
1098 
7836 
3666 
940 
6721 
7773 
7431 
44 
6252 
9572 
3431 
9848 
7276 
6012 
6317 
2764 
3547 
7583 
4093 
498 
8890 
8319 
5327 
6740 
7204 
272 
1595 
1156 
5751 
8857 
248 
1739 
3959 
1765 
3572 
7710 
9632 
1726 
6738 
8696 
9653 
851 
2648 
2732 
1522 
6949 
7011 
6448 
2375 
9266 
7228 
1810 
8616 
726 
8730 
8172 
3077 
6323 
6712 
1565 
4504 
8941 
7209 
9202 
3565 
2123 
2276 
4332 
503 
6172 
3499 
1016 
1717 
3290 
7463 
7826 
537 
7576 
3432 
5824 
9853 
7652 
6274 
8124 
1586 
9267 
2826 
7058 
4462 
7649 
2471 
3538 
9027 
5833 
9077 
6550 
2108 
7888 
1668 
7671 
3245 
2858 
5980 
229 
801 
258 
1805 
3813 
3335 
2302 
5177 
103 
808 
5245 
2114 
3611 
8796 
8047 
6244 
2770 
9783 
4759 
2195 
6614 
5310 
9295 
2359 
2876 
3946 
495 
5580 
6713 
160 
4357 
9444 
818 
4033 
9964 
7178 
6001 
3980 
5718 
286 
7022 
8860 
1461 
6126 
6146 
6284 
7845 
4373 
1189 
6790 
8750 
9189 
3804 
5809 
8580 
4082 
5167 
472 
9738 
6892 
2949 
6537 
8870 
1775 
5453 
2546 
1737 
8946 
3124 
7772 
9154 
5257 
7568 
9786 
33 
686 
1173 
2444 
1572 
7264 
9255 
8531 
8775 
3107 
1453 
3752 
7673 
8651 
2825 
5209 
7037 
6393 
3802 
82 
3210 
573 
269 
1596 
2694 
7506 
4757 
4547 
7841 
114 
1099 
7185 
4266 
4636 
273 
4722 
4532 
736 
2474 
1871 
175 
5247 
6164 
984 
1824 
8851 
6101 
8624 
4623 
3887 
1110 
9215 
3342 
1927 
3129 
9057 
2304 
6876 
8437 
7934 
837 
2953 
5346 
8168 
5960 
897 
4683 
3767 
447 
8809 
4339 
3152 
1100 
5558 
6249 
8332 
8244 
4645 
3884 
4199 
2391 
2762 
7919 
416 
6557 
5789 
4 
432 
874 
6480 
5403 
664 
8511 
9218 
8716 
149 
4880 
6009 
9971 
6839 
2069 
2222 
4990 
9564 
2205 
1760 
4013 
5756 
9044 
8354 
9817 
5568 
6192 
1460 
9389 
8987 
2822 
1430 
4326 
8488 
5716 
3003 
138 
2845 
250 
6824 
5690 
8040 
5489 
6558 
1819 
834 
3892 
6658 
3354 
3615 
2497 
7152 
1942 
6644 
3791 
5099 
2441 
9986 
5271 
4514 
6115 
3877 
6976 
810 
6230 
5584 
1394 
8362 
4368 
3199 
5391 
9624 
6898 
2118 
6407 
8968 
1360 
8504 
8635 
3423 
8756 
1289 
6823 
2655 
2659 
8061 
3727 
3203 
1770 
8330 
4891 
5880 
7661 
4995 
8579 
4906 
9989 
8776 
2577 
5389 
1594 
2965 
6519 
1319 
6131 
2181 
674 
8724 
7614 
2796 
8069 
5238 
2838 
6732 
9198 
5957 
3614 
9688 
3182 
9237 
230 
3330 
6753 
1424 
6991 
1501 
5582 
5765 
388 
7334 
7092 
8908 
228 
536 
3838 
3243 
7679 
5104 
9111 
8614 
4762 
9693 
3883 
1609 
2298 
6457 
9456 
6588 
508 
2178 
9054 
9097 
1731 
457 
4316 
5827 
7954 
5956 
3103 
8250 
2946 
3147 
7045 
9508 
8267 
2861 
9451 
5414 
2020 
4401 
6357 
2283 
8269 
3910 
3419 
8871 
9102 
8647 
3869 
3138 
8964 
5205 
504 
9452 
4942 
3487 
3649 
3693 
8650 
6461 
5009 
8106 
4422 
1851 
1472 
2218 
5028 
4162 
1722 
5261 
2574 
1445 
1400 
9291 
981 
4364 
3629 
6119 
5054 
9772 
1127 
3171 
8272 
5085 
1146 
2186 
9242 
2330 
8686 
1953 
8314 
1743 
6988 
2547 
5907 
2412 
890 
6921 
1407 
8490 
7567 
2117 
1626 
8825 
9615 
8434 
6605 
1881 
7383 
1097 
768 
7850 
7834 
699 
1180 
2791 
7599 
187 
6116 
4567 
1694 
5350 
7593 
2174 
2824 
4839 
5336 
7517 
708 
6702 
3307 
4461 
4635 
779 
5234 
9103 
8555 
1225 
1041 
7912 
4106 
9949 
6878 
6055 
9141 
5250 
8232 
1165 
9342 
5030 
4125 
3528 
819 
4428 
5157 
3237 
824 
5006 
6093 
5197 
4556 
3468 
4298 
1718 
7365 
2491 
9902 
5239 
6536 
9798 
6696 
2827 
3550 
1960 
3840 
3481 
4818 
4400 
2761 
547 
2728 
6758 
7102 
2408 
2850 
2292 
970 
8312 
6276 
798 
9789 
8084 
8423 
7134 
5188 
7889 
5887 
2609 
7554 
8898 
3764 
14 
8202 
9562 
3841 
6749 
2589 
1260 
8792 
8789 
2058 
2397 
737 
3306 
2288 
5808 
463 
2526 
7972 
9793 
2426 
6770 
4907 
7409 
6059 
423 
5004 
3064 
7012 
9151 
4140 
6343 
9863 
538 
6995 
656 
6218 
290 
288 
4738 
962 
3168 
1055 
9217 
5747 
4018 
3295 
9411 
8703 
3495 
8127 
4418 
9654 
7127 
3555 
2160 
8952 
5254 
9505 
2142 
9602 
1846 
2595 
3960 
7748 
9478 
569 
6483 
7783 
6847 
4590 
5620 
4175 
7075 
4533 
1644 
7376 
7666 
1858 
5828 
687 
4840 
1021 
3262 
2818 
7597 
1256 
6670 
9975 
6388 
6256 
9089 
1185 
8023 
6868 
1014 
9148 
6834 
3696 
796 
9801 
9576 
1207 
4214 
123 
3241 
7144 
5645 
1786 
1195 
520 
4758 
8338 
1162 
6074 
6592 
6513 
5926 
2366 
661 
7866 
9327 
9769 
3336 
4369 
4714 
9869 
2660 
2014 
9363 
1566 
9238 
9746 
2839 
6271 
4055 
8627 
6467 
5812 
5395 
2658 
4741 
8834 
5815 
1431 
6593 
5156 
2569 
1451 
5764 
7346 
4865 
4709 
2480 
2877 
6258 
8032 
1921 
5579 
7746 
8975 
5080 
2381 
4486 
937 
6848 
8017 
9320 
1633 
9953 
7150 
7455 
5259 
5243 
5225 
4276 
7500 
8169 
7353 
6069 
7418 
9988 
4755 
3655 
820 
2708 
6311 
7932 
3700 
4612 
1393 
2726 
7195 
4187 
6509 
4473 
9404 
7535 
1345 
8224 
6700 
6516 
4594 
1025 
5136 
3976 
1703 
3843 
791 
6647 
5738 
7569 
7459 
9524 
8591 
2002 
4614 
7662 
6057 
5043 
5939 
858 
1537 
8621 
5961 
2649 
2140 
8484 
9386 
8072 
3653 
4270 
8290 
3648 
4836 
6672 
2673 
9092 
1540 
1078 
8378 
2753 
3222 
9086 
8182 
7136 
5233 
6487 
985 
3427 
2701 
9356 
1541 
6941 
5340 
7690 
8352 
1163 
3413 
1530 
5269 
212 
9747 
4795 
3594 
4637 
5345 
1649 
7234 
5292 
5547 
7738 
1994 
6365 
4086 
6127 
151 
6028 
2383 
3773 
5399 
2852 
7296 
8444 
3493 
3176 
9826 
9374 
6785 
1137 
4408 
3435 
9120 
9665 
6214 
1177 
8075 
4838 
170 
7573 
4393 
6526 
3118 
4816 
9222 
6547 
2510 
6387 
6657 
9450 
6334 
4465 
9288 
7479 
4596 
4491 
4604 
1057 
3362 
4607 
8977 
6595 
1106 
4204 
4076 
2780 
7815 
8280 
1512 
1013 
3963 
9882 
4284 
587 
5397 
6232 
3466 
8380 
313 
4971 
1648 
6648 
8721 
1417 
1496 
1120 
9767 
6338 
4091 
1385 
2735 
5924 
369 
4425 
5603 
2690 
8450 
7191 
4508 
5606 
8472 
6267 
4441 
4300 
9285 
3134 
4177 
9976 
1122 
1784 
188 
980 
438 
4254 
9104 
1444 
2741 
2251 
6064 
2199 
8600 
1423 
8348 
111 
639 
3248 
4698 
6147 
50 
5599 
2309 
6825 
6363 
3690 
2115 
2759 
4429 
5289 
3397 
9252 
4626 
2812 
8720 
486 
9796 
8822 
8808 
6836 
6932 
1671 
35 
4304 
602 
7347 
2873 
8227 
2561 
8606 
4931 
5846 
6469 
9604 
2347 
4652 
4662 
9507 
2671 
9937 
8634 
4359 
4851 
7858 
7847 
1462 
6353 
6446 
7203 
41 
1142 
9968 
9489 
2365 
4729 
4651 
3930 
6899 
439 
9236 
7668 
4048 
8039 
7270 
6552 
7868 
9377 
142 
1797 
8390 
8945 
4655 
4155 
3868 
6518 
6793 
1428 
8334 
6473 
8817 
7730 
2492 
5196 
5553 
1187 
7766 
6458 
3402 
8317 
4666 
4145 
6913 
51 
7993 
9115 
4129 
3139 
5132 
1624 
1844 
2087 
9701 
9278 
2341 
655 
4754 
529 
902 
4072 
3668 
3181 
1361 
4591 
1487 
8111 
2136 
5554 
9393 
4653 
2700 
206 
5664 
5300 
5388 
5008 
4984 
6583 
565 
8995 
7822 
7531 
9459 
6629 
862 
9994 
636 
9390 
8502 
8187 
7840 
3784 
3340 
8607 
7266 
5440 
8119 
7329 
9283 
3612 
3951 
6313 
117 
9561 
7701 
7571 
977 
1877 
9788 
3065 
5853 
1758 
4731 
7170 
2792 
1001 
8576 
9809 
4598 
9573 
7851 
3890 
3036 
6564 
6367 
9037 
7556 
5064 
8836 
4571 
4868 
1436 
3405 
5638 
4552 
1404 
541 
7278 
4789 
4019 
9785 
956 
8288 
5342 
8372 
3450 
2970 
62 
1390 
7511 
7154 
357 
1105 
319 
734 
9323 
9818 
211 
335 
6773 
3790 
2099 
5065 
2859 
4541 
23 
2588 
2554 
3484 
6777 
1338 
5873 
5106 
8745 
4281 
7501 
3421 
1143 
7799 
7361 
8356 
4201 
4712 
6816 
4272 
1794 
7242 
9568 
678 
2388 
3988 
2026 
4577 
7051 
1768 
5409 
5038 
7723 
334 
1817 
7925 
6709 
4215 
3913 
7914 
5970 
8089 
1992 
7801 
969 
5424 
6881 
2865 
5898 
6497 
2411 
7642 
4978 
9871 
3578 
484 
5125 
4720 
7116 
3264 
2884 
886 
5330 
1083 
3928 
5993 
6608 
5444 
1482 
5447 
7718 
182 
7263 
1821 
6056 
8671 
870 
4131 
8516 
8837 
5268 
534 
735 
9845 
376 
9523 
7061 
4128 
2249 
3680 
4438 
3144 
7630 
6290 
8056 
7633 
8076 
5416 
104 
4247 
8052 
5889 
4787 
7992 
4049 
5103 
6134 
3363 
6886 
1005 
8273 
1379 
8120 
3456 
3558 
2054 
4467 
2995 
5017 
3356 
2830 
9372 
7827 
5078 
8649 
3371 
263 
5037 
2059 
1627 
4589 
1646 
7872 
180 
1079 
7465 
1382 
7252 
9231 
2406 
6246 
844 
4094 
7674 
6209 
1630 
1532 
6419 
2703 
2911 
6783 
9060 
7367 
9594 
1965 
7559 
3905 
8905 
2504 
6345 
2043 
3500 
360 
7566 
2517 
7717 
3146 
2908 
3281 
560 
6397 
5329 
4451 
1961 
3410 
8974 
5608 
6936 
6098 
922 
2211 
5813 
712 
8143 
5647 
2984 
6321 
4510 
3324 
1022 
668 
2853 
1227 
3492 
2513 
1516 
1509 
8685 
2919 
5885 
7524 
9557 
368 
7964 
2629 
7199 
3369 
2466 
7660 
1358 
9558 
5050 
4656 
5315 
5316 
606 
1598 
3189 
2092 
7678 
6066 
8018 
4017 
320 
2191 
3122 
8438 
9736 
3446 
6768 
233 
8065 
5598 
1164 
1772 
3943 
1365 
7939 
387 
6734 
8979 
3502 
7953 
6634 
3387 
1133 
2051 
6731 
5286 
1024 
9110 
8759 
310 
9268 
3931 
2898 
2202 
9340 
5184 
61 
9929 
7198 
7859 
6453 
9169 
7161 
2800 
1200 
8193 
1913 
2166 
93 
4565 
2217 
9933 
426 
5997 
7190 
6451 
4687 
159 
9571 
1638 
4824 
7560 
4806 
6599 
2709 
7616 
1181 
7497 
6122 
852 
1272 
2954 
9383 
9405 
5822 
1924 
550 
4454 
471 
4433 
3227 
8783 
763 
3866 
3175 
5597 
6723 
5682 
7695 
5984 
8667 
591 
344 
4968 
3525 
5773 
5180 
1059 
5750 
6737 
1328 
797 
3507 
4310 
5806 
4858 
6717 
3327 
9303 
2278 
7515 
1550 
2450 
2338 
5498 
2856 
202 
8211 
8113 
2017 
6102 
4282 
4899 
4374 
1355 
7445 
2024 
9139 
5411 
4592 
728 
6474 
6626 
3923 
8848 
6514 
2423 
5143 
6822 
8051 
8757 
6652 
2220 
1709 
9201 
4664 
7771 
3803 
7197 
4186 
9663 
5604 
5356 
3587 
3560 
9166 
2041 
6140 
2357 
727 
6431 
5497 
5349 
817 
7172 
9723 
805 
8804 
9326 
3258 
7171 
8636 
6942 
1171 
5852 
8114 
6833 
3677 
7788 
8846 
2527 
8855 
9705 
6235 
5461 
6315 
3919 
4403 
6972 
460 
4172 
5639 
5131 
2282 
4910 
1333 
8921 
2428 
4297 
6900 
908 
6571 
8221 
226 
4382 
7981 
6918 
9434 
2909 
5082 
92 
1692 
2023 
6852 
1492 
7775 
8654 
4150 
6549 
5669 
6433 
5097 
1442 
6905 
3475 
8003 
3697 
4327 
8754 
5165 
9330 
2912 
410 
5929 
9687 
1504 
4080 
7882 
5590 
3080 
4500 
8398 
6533 
3378 
3551 
8223 
1791 
366 
317 
4584 
8643 
1109 
3192 
1721 
8270 
1130 
8085 
2380 
9804 
4993 
6763 
7803 
3974 
892 
2076 
6666 
4814 
5628 
3561 
3019 
8357 
5830 
6350 
8479 
3326 
3125 
2934 
1845 
8815 
5630 
4409 
7769 
2044 
2742 
3212 
264 
4885 
1571 
5116 
7756 
2150 
7792 
2801 
296 
3698 
6832 
9395 
8521 
9670 
693 
473 
4293 
1063 
1751 
5366 
6663 
543 
5040 
5656 
8866 
4209 
115 
9348 
5436 
8832 
7374 
9251 
3581 
2025 
8510 
4524 
4711 
958 
3544 
1275 
7384 
3735 
281 
5854 
4553 
8722 
5910 
4312 
5998 
6324 
6108 
6383 
8318 
1773 
2734 
4188 
2252 
6339 
6635 
597 
5686 
8691 
6802 
5967 
3348 
3518 
971 
759 
7950 
8413 
4353 
3284 
8897 
7618 
2608 
6631 
7923 
7864 
4939 
657 
7683 
135 
1006 
3731 
7274 
604 
1366 
5983 
6449 
9046 
6751 
2299 
6307 
1682 
1944 
8681 
8559 
8407 
9107 
3461 
8373 
7605 
1511 
5301 
4904 
9265 
3792 
6960 
3563 
8235 
5111 
2145 
4534 
4483 
5365 
8258 
7097 
2963 
2713 
9851 
4073 
5207 
6039 
458 
4221 
6906 
7809 
346 
5712 
8078 
9888 
5878 
3221 
8935 
5767 
9413 
8037 
7468 
9585 
9159 
8030 
2229 
3785 
1346 
5487 
7262 
330 
991 
4705 
6400 
4206 
9162 
6746 
2420 
6208 
9896 
8253 
9424 
900 
8807 
3657 
9931 
8146 
9316 
9920 
3252 
7558 
1494 
356 
8300 
6189 
8992 
4032 
9423 
5361 
4222 
1973 
2234 
9368 
5884 
5334 
9088 
9652 
1369 
586 
4810 
4102 
6585 
8486 
7414 
2079 
8584 
7928 
7292 
5684 
6318 
2194 
81 
3856 
3937 
904 
8899 
5881 
5318 
7091 
1104 
7522 
6285 
4325 
6037 
7287 
6779 
3048 
1309 
6105 
9020 
9373 
2003 
5445 
7064 
978 
5352 
645 
5694 
7638 
7926 
8440 
7509 
8203 
339 
7965 
4699 
1742 
4721 
4417 
8326 
800 
5703 
3873 
8551 
6328 
5237 
5166 
7881 
6344 
1440 
7342 
5618 
7752 
8467 
2106 
1917 
8418 
6792 
18 
826 
8215 
972 
7160 
7081 
5774 
2260 
329 
4291 
480 
200 
6221 
7233 
7670 
352 
5452 
7740 
4092 
6299 
6163 
3304 
1 
1410 
2832 
3205 
7141 
1310 
6725 
4841 
2405 
2528 
6904 
2797 
5307 
856 
7265 
9216 
581 
2158 
8747 
7009 
2008 
2712 
2987 
7527 
5496 
3734 
5524 
9229 
5369 
5217 
8083 
4846 
7482 
8956 
5759 
9294 
9803 
995 
5779 
8140 
1842 
3788 
848 
332 
6984 
4949 
5861 
4860 
1928 
2706 
8615 
213 
9440 
8483 
2206 
5675 
314 
7159 
1981 
713 
5467 
9828 
7155 
599 
5745 
8034 
7021 
3723 
3781 
8171 
1988 
5798 
1860 
333 
9227 
1058 
9087 
6111 
128 
2593 
531 
6364 
9435 
79 
9981 
84 
1870 
6510 
7806 
5721 
7507 
588 
153 
3341 
9324 
1952 
925 
6729 
2512 
4365 
7915 
2404 
449 
8159 
3083 
3239 
6909 
9038 
7290 
6151 
7373 
7322 
2941 
2559 
4415 
6287 
725 
7247 
9963 
7261 
7798 
9925 
1287 
663 
8431 
1244 
9149 
598 
740 
2813 
9651 
7316 
8672 
9683 
7940 
5011 
1874 
9131 
2620 
241 
9479 
9501 
6931 
1919 
8876 
8653 
6786 
7356 
3029 
8102 
1367 
9706 
6965 
1629 
1210 
2516 
9298 
7458 
6292 
3271 
7938 
6340 
7180 
4022 
8082 
5875 
113 
1590 
5267 
5811 
3215 
4881 
4431 
2204 
5851 
5088 
9854 
4570 
5973 
7440 
8430 
8118 
8491 
9800 
2190 
4951 
8184 
8495 
7448 
539 
3646 
4122 
7188 
3510 
8324 
3780 
5256 
6874 
8877 
8174 
1660 
4538 
6646 
7423 
932 
4543 
3228 
5285 
6005 
3632 
6384 
4544 
5148 
6752 
8386 
6355 
4419 
3145 
1803 
7299 
2855 
7761 
5056 
6442 
255 
5405 
5781 
1072 
4850 
6067 
5081 
3836 
7293 
6501 
5801 
6038 
9792 
8287 
4658 
9678 
2645 
7998 
1569 
8830 
5842 
2402 
154 
3819 
3071 
2821 
3349 
676 
1641 
579 
2355 
1555 
7398 
3372 
459 
9408 
6370 
1750 
8473 
9058 
2418 
1419 
1478 
3399 
8432 
9751 
5042 
8761 
1915 
8948 
5036 
5555 
3545 
9721 
8081 
8719 
1978 
378 
9307 
9010 
3366 
1011 
2261 
8105 
9204 
4631 
6556 
8639 
7793 
9047 
8874 
493 
2447 
6895 
916 
4416 
7973 
3761 
1150 
2369 
5899 
3197 
2073 
7028 
5836 
9630 
3476 
8843 
7486 
8629 
8042 
1757 
2318 
3705 
109 
7363 
9927 
5066 
5754 
1670 
34 
6245 
2035 
7575 
6570 
1002 
8370 
8144 
5843 
5722 
2531 
6272 
4579 
3416 
9385 
9347 
8538 
6950 
5019 
2900 
7969 
9554 
4459 
1796 
2564 
9302 
9032 
8700 
1186 
9905 
2255 
8331 
1755 
7704 
2625 
4608 
7613 
2019 
913 
567 
3275 
6953 
9648 
2654 
9200 
3958 
6669 
6145 
1027 
7503 
6460 
7053 
1490 
682 
5935 
2691 
5928 
596 
3574 
382 
723 
1032 
2871 
3230 
3606 
110 
4020 
7833 
3256 
6590 
5137 
1533 
2172 
2213 
2267 
5219 
6923 
6902 
5140 
4219 
7464 
3872 
9135 
5086 
613 
2403 
8176 
6398 
5170 
4667 
7332 
2568 
2738 
7402 
8074 
3935 
8845 
4273 
8798 
1789 
7196 
6088 
1048 
2692 
9718 
3847 
7157 
5845 
7019 
3254 
2628 
6808 
2550 
3219 
5826 
9511 
8561 
3360 
5263 
5805 
1762 
7521 
1450 
7680 
8053 
36 
4051 
7182 
5912 
1009 
4242 
5726 
1508 
7046 
6851 
1493 
2337 
5371 
4198 
5866 
1545 
4901 
2613 
9675 
465 
4554 
9531 
9697 
4338 
6375 
1710 
9418 
236 
2962 
7719 
6445 
9225 
7481 
5001 
9343 
2996 
417 
6703 
6196 
9833 
3809 
2422 
4649 
218 
6295 
6970 
3751 
8826 
8469 
3568 
7709 
3820 
